Time[ms], WallSen FL, WallSen L, WallSen R, WallSen FR, Machine V, Mot V L, Mot V R, Mot V LR, Machine Angular, Mot Angular, IMU Angular Z, Machine Angle, Mot Angle, IMU Angle, Mot Distance X, Mot Distance Y, IMU Global Angle
0 ,22 ,434 ,42 ,11 ,500 ,486.063721 ,486.063721 ,486.063721 ,0.000000 ,0.000000 ,0.792683 ,0.000000 ,-0.000000 ,0.000000 ,0.000000 ,0.000000 ,0.657378
1 ,23 ,431 ,42 ,10 ,500 ,470.384247 ,486.063721 ,478.223999 ,7.295125 ,-14.036996 ,0.548781 ,0.000000 ,-0.014037 ,0.000549 ,-0.000117 ,0.478224 ,0.657927
2 ,23 ,431 ,42 ,10 ,500 ,470.384247 ,486.063721 ,478.223999 ,14.590250 ,-14.036996 ,0.243902 ,0.000000 ,-0.028074 ,0.000793 ,-0.000351 ,0.956448 ,0.658171
3 ,24 ,443 ,40 ,24 ,500 ,470.384247 ,470.384247 ,470.384247 ,21.885376 ,0.000000 ,-0.609756 ,0.000000 ,-0.028074 ,0.000183 ,-0.000582 ,1.426832 ,0.657561
4 ,23 ,435 ,43 ,14 ,500 ,486.063721 ,470.384247 ,478.223999 ,29.180500 ,14.036996 ,-1.158537 ,0.000000 ,-0.014037 ,-0.000976 ,-0.000699 ,1.905056 ,0.656402
5 ,24 ,435 ,42 ,11 ,500 ,517.422668 ,470.384247 ,493.903473 ,36.475624 ,42.110989 ,-1.524390 ,0.000000 ,0.028074 ,-0.002500 ,-0.000457 ,2.398960 ,0.654878
6 ,25 ,434 ,43 ,14 ,500 ,533.102173 ,423.345825 ,478.223999 ,43.770748 ,98.258972 ,-0.548781 ,0.000000 ,0.126333 ,-0.003049 ,0.000597 ,2.877182 ,0.654329
7 ,25 ,434 ,43 ,14 ,500 ,548.781616 ,423.345825 ,486.063721 ,51.065872 ,112.295967 ,0.121951 ,0.000000 ,0.238629 ,-0.002927 ,0.002622 ,3.363242 ,0.654451
8 ,24 ,436 ,42 ,14 ,500 ,564.461121 ,391.986877 ,478.223999 ,58.360996 ,154.406952 ,0.365854 ,0.000000 ,0.393036 ,-0.002561 ,0.005902 ,3.841455 ,0.654817
9 ,24 ,435 ,41 ,13 ,500 ,595.820068 ,360.627930 ,478.223999 ,65.656120 ,210.554947 ,0.609756 ,0.000000 ,0.603591 ,-0.001951 ,0.010940 ,4.319652 ,0.655427
10 ,24 ,433 ,41 ,10 ,500 ,595.820068 ,360.627930 ,478.223999 ,72.951248 ,210.554947 ,3.048780 ,0.000000 ,0.814146 ,0.001098 ,0.017735 ,4.797828 ,0.658476
11 ,23 ,430 ,40 ,11 ,500 ,627.179016 ,360.627930 ,493.903473 ,80.246376 ,238.628937 ,10.182927 ,0.000000 ,1.052775 ,0.011280 ,0.026810 ,5.291648 ,0.668659
12 ,23 ,430 ,40 ,11 ,500 ,595.820068 ,376.307404 ,486.063721 ,87.541504 ,196.517944 ,30.243902 ,0.000000 ,1.249293 ,0.041524 ,0.037407 ,5.777596 ,0.698902
13 ,25 ,438 ,42 ,19 ,500 ,580.140564 ,360.627930 ,470.384247 ,94.836632 ,196.517944 ,61.463417 ,0.000000 ,1.445811 ,0.102988 ,0.049276 ,6.247831 ,0.760366
14 ,29 ,433 ,43 ,18 ,500 ,548.781616 ,391.986877 ,470.384247 ,102.131760 ,140.369965 ,96.768295 ,0.000000 ,1.586181 ,0.199756 ,0.062296 ,6.718035 ,0.857134
15 ,25 ,423 ,43 ,12 ,500 ,548.781616 ,423.345825 ,486.063721 ,109.426888 ,112.295967 ,124.695122 ,0.000000 ,1.698477 ,0.324451 ,0.076703 ,7.203885 ,0.981829
16 ,24 ,419 ,41 ,12 ,500 ,517.422668 ,470.384247 ,493.903473 ,116.722015 ,42.110989 ,142.500000 ,0.000000 ,1.740588 ,0.466951 ,0.091705 ,7.697561 ,1.124329
17 ,24 ,419 ,41 ,12 ,500 ,486.063721 ,470.384247 ,478.223999 ,124.017143 ,14.036996 ,155.853668 ,0.000000 ,1.754625 ,0.622805 ,0.106348 ,8.175560 ,1.280183
18 ,24 ,417 ,45 ,14 ,500 ,454.704773 ,486.063721 ,470.384247 ,131.312271 ,-28.073992 ,154.573181 ,0.000000 ,1.726551 ,0.777378 ,0.120520 ,8.645731 ,1.434756
19 ,25 ,413 ,44 ,14 ,500 ,454.704773 ,486.063721 ,470.384247 ,138.607391 ,-28.073992 ,143.414642 ,0.000000 ,1.698477 ,0.920793 ,0.134462 ,9.115909 ,1.578171
20 ,26 ,405 ,45 ,11 ,500 ,439.025299 ,501.743195 ,470.384247 ,145.902512 ,-56.147984 ,131.707321 ,0.000000 ,1.642329 ,1.052500 ,0.147943 ,9.586100 ,1.709878
21 ,23 ,401 ,43 ,11 ,500 ,470.384247 ,501.743195 ,486.063721 ,153.197632 ,-28.073992 ,130.304886 ,0.000000 ,1.614255 ,1.182805 ,0.161636 ,10.071971 ,1.840183
22 ,23 ,401 ,43 ,11 ,500 ,486.063721 ,470.384247 ,478.223999 ,160.492752 ,14.036996 ,132.865860 ,0.000000 ,1.628292 ,1.315671 ,0.175225 ,10.550001 ,1.973049
23 ,28 ,406 ,47 ,18 ,500 ,501.743195 ,423.345825 ,462.544525 ,167.787872 ,70.184982 ,127.012199 ,0.000000 ,1.698477 ,1.442683 ,0.188935 ,11.012342 ,2.100061
24 ,29 ,400 ,48 ,17 ,500 ,517.422668 ,391.986877 ,454.704773 ,175.082993 ,112.295967 ,117.621956 ,0.000000 ,1.810773 ,1.560305 ,0.203303 ,11.466821 ,2.217683
25 ,25 ,392 ,44 ,12 ,500 ,580.140564 ,391.986877 ,486.063721 ,182.378113 ,168.443954 ,107.743904 ,0.000000 ,1.979217 ,1.668049 ,0.220090 ,11.952595 ,2.325427
26 ,25 ,392 ,44 ,12 ,500 ,611.499512 ,344.948456 ,478.223999 ,189.673233 ,238.628937 ,105.365852 ,0.000000 ,2.217845 ,1.773415 ,0.238597 ,12.430460 ,2.430793
27 ,24 ,391 ,44 ,12 ,500 ,658.537964 ,329.268982 ,493.903473 ,196.968353 ,294.776917 ,108.292686 ,0.000000 ,2.512622 ,1.881707 ,0.260249 ,12.923889 ,2.539086
28 ,26 ,390 ,47 ,13 ,500 ,689.896912 ,266.551086 ,478.223999 ,204.263474 ,378.998901 ,111.707321 ,0.000000 ,2.891621 ,1.993415 ,0.284374 ,13.401504 ,2.650793
29 ,25 ,385 ,47 ,14 ,500 ,721.255859 ,235.192123 ,478.223999 ,211.558594 ,435.146881 ,112.317078 ,0.000000 ,3.326768 ,2.105732 ,0.312126 ,13.878922 ,2.763110
30 ,24 ,378 ,46 ,10 ,500 ,736.935303 ,235.192123 ,486.063721 ,218.853714 ,449.183868 ,112.378052 ,0.000000 ,3.775952 ,2.218110 ,0.344135 ,14.363931 ,2.875488
31 ,24 ,378 ,46 ,10 ,500 ,752.614807 ,250.871597 ,501.743195 ,226.148834 ,449.183868 ,122.743904 ,0.000000 ,4.225136 ,2.340854 ,0.381102 ,14.864310 ,2.998232
32 ,24 ,374 ,46 ,8 ,500 ,721.255859 ,250.871597 ,486.063721 ,233.443954 ,421.109894 ,151.707321 ,0.000000 ,4.646246 ,2.492561 ,0.420474 ,15.348777 ,3.149939
33 ,32 ,375 ,49 ,14 ,500 ,705.576355 ,250.871597 ,478.223999 ,240.739075 ,407.072876 ,198.414642 ,0.000000 ,5.053319 ,2.690976 ,0.462598 ,15.825142 ,3.348354
34 ,26 ,366 ,48 ,14 ,500 ,674.217407 ,282.230560 ,478.223999 ,248.034195 ,350.924896 ,242.743912 ,0.000000 ,5.404244 ,2.933720 ,0.507638 ,16.301241 ,3.591098
35 ,24 ,354 ,48 ,9 ,500 ,642.858459 ,344.948456 ,493.903473 ,255.329315 ,266.702942 ,279.878052 ,0.000000 ,5.670947 ,3.213598 ,0.556443 ,16.792727 ,3.870976
36 ,24 ,354 ,48 ,9 ,500 ,580.140564 ,376.307404 ,478.223999 ,262.624451 ,182.480957 ,305.975616 ,0.000000 ,5.853428 ,3.519573 ,0.605214 ,17.268457 ,4.176951
37 ,24 ,347 ,51 ,12 ,500 ,548.781616 ,423.345825 ,486.063721 ,269.919586 ,112.295967 ,316.158539 ,0.000000 ,5.965724 ,3.835732 ,0.655733 ,17.751888 ,4.493110
38 ,24 ,344 ,50 ,15 ,500 ,533.102173 ,439.025299 ,486.063721 ,277.214722 ,84.221977 ,317.560974 ,0.000000 ,6.049946 ,4.153293 ,0.706961 ,18.235245 ,4.810671
39 ,24 ,338 ,49 ,14 ,500 ,486.063721 ,454.704773 ,470.384247 ,284.509857 ,28.073992 ,309.146362 ,0.000000 ,6.078020 ,4.462440 ,0.756767 ,18.702986 ,5.119817
40 ,23 ,329 ,51 ,11 ,500 ,454.704773 ,439.025299 ,446.865051 ,291.804993 ,14.036996 ,291.829285 ,0.000000 ,6.092057 ,4.754269 ,0.804191 ,19.147327 ,5.411647
41 ,23 ,329 ,51 ,11 ,500 ,501.743195 ,439.025299 ,470.384247 ,299.100128 ,56.147984 ,280.487823 ,0.000000 ,6.148205 ,5.034757 ,0.854569 ,19.615005 ,5.692134
42 ,22 ,325 ,51 ,9 ,500 ,533.102173 ,407.666351 ,470.384247 ,306.395264 ,112.295967 ,272.439026 ,0.000000 ,6.260500 ,5.307196 ,0.905864 ,20.082584 ,5.964574
43 ,25 ,330 ,55 ,17 ,500 ,580.140564 ,407.666351 ,493.903473 ,313.690399 ,154.406952 ,262.621948 ,0.000000 ,6.414907 ,5.569818 ,0.961047 ,20.573395 ,6.227196
44 ,24 ,325 ,55 ,17 ,500 ,595.820068 ,360.627930 ,478.223999 ,320.985535 ,210.554947 ,249.085373 ,0.000000 ,6.625463 ,5.818903 ,1.016224 ,21.048426 ,6.476281
45 ,23 ,319 ,53 ,16 ,500 ,642.858459 ,313.589508 ,478.223999 ,328.280670 ,294.776917 ,232.560974 ,0.000000 ,6.920239 ,6.051464 ,1.073844 ,21.523165 ,6.708842
46 ,23 ,319 ,53 ,16 ,500 ,689.896912 ,266.551086 ,478.223999 ,335.575806 ,378.998901 ,224.512207 ,0.000000 ,7.299238 ,6.275976 ,1.134603 ,21.997515 ,6.933354
47 ,22 ,313 ,52 ,19 ,500 ,736.935303 ,219.512650 ,478.223999 ,342.870941 ,463.220886 ,226.951218 ,0.000000 ,7.762459 ,6.502927 ,1.199195 ,22.471355 ,7.160306
48 ,22 ,306 ,55 ,20 ,500 ,799.653198 ,172.474228 ,486.063721 ,350.166077 ,561.479858 ,230.304886 ,0.000000 ,8.323939 ,6.733232 ,1.269562 ,22.952299 ,7.390610
49 ,22 ,287 ,57 ,20 ,500 ,831.012207 ,141.115280 ,486.063721 ,357.461212 ,617.627808 ,234.756104 ,0.000000 ,8.941567 ,6.967988 ,1.345110 ,23.432457 ,7.625366
50 ,22 ,265 ,55 ,18 ,500 ,831.012207 ,109.756325 ,470.384247 ,364.756348 ,645.701843 ,237.926834 ,0.000000 ,9.587269 ,7.205915 ,1.423452 ,23.896271 ,7.863293
51 ,22 ,265 ,55 ,18 ,500 ,862.371155 ,109.756325 ,486.063721 ,372.051483 ,673.775818 ,247.317078 ,0.000000 ,10.261045 ,7.453232 ,1.510036 ,24.374561 ,8.110610
52 ,23 ,237 ,56 ,20 ,500 ,831.012207 ,141.115280 ,486.063721 ,379.346619 ,617.627808 ,281.829285 ,0.000000 ,10.878673 ,7.735062 ,1.601771 ,24.851889 ,8.392440
53 ,23 ,191 ,59 ,23 ,500 ,815.332703 ,156.794754 ,486.063721 ,386.641754 ,589.553833 ,337.073181 ,0.000000 ,11.468226 ,8.072135 ,1.698412 ,25.328249 ,8.729513
54 ,24 ,145 ,60 ,29 ,500 ,799.653198 ,203.833176 ,501.743195 ,393.936890 ,533.405884 ,386.158539 ,0.000000 ,12.001633 ,8.458293 ,1.802744 ,25.819025 ,9.115671
55 ,24 ,145 ,60 ,29 ,500 ,721.255859 ,266.551086 ,493.903473 ,401.232025 ,407.072876 ,428.841461 ,0.000000 ,12.408705 ,8.887135 ,1.908876 ,26.301390 ,9.544513
56 ,21 ,99 ,59 ,30 ,500 ,674.217407 ,282.230560 ,478.223999 ,408.527161 ,350.924896 ,454.268311 ,0.000000 ,12.759630 ,9.341403 ,2.014498 ,26.767805 ,9.998781
57 ,20 ,65 ,61 ,38 ,500 ,611.499512 ,329.268982 ,470.384247 ,415.822296 ,252.665924 ,466.646362 ,0.000000 ,13.012296 ,9.808049 ,2.120409 ,27.226110 ,10.465427
58 ,19 ,34 ,62 ,43 ,500 ,580.140564 ,376.307404 ,478.223999 ,423.117432 ,182.480957 ,462.865875 ,0.000000 ,13.194777 ,10.270915 ,2.229570 ,27.691710 ,10.928293
59 ,21 ,21 ,63 ,48 ,500 ,548.781616 ,407.666351 ,478.223999 ,430.412567 ,126.332962 ,446.768311 ,0.000000 ,13.321110 ,10.717684 ,2.339756 ,28.157066 ,11.375062
60 ,21 ,21 ,63 ,48 ,500 ,517.422668 ,391.986877 ,454.704773 ,437.707703 ,112.295967 ,436.707336 ,0.000000 ,13.433406 ,11.154391 ,2.445391 ,28.599331 ,11.811769
61 ,17 ,14 ,61 ,51 ,500 ,564.461121 ,391.986877 ,478.223999 ,445.002838 ,154.406952 ,432.865875 ,0.000000 ,13.587813 ,11.587257 ,2.557743 ,29.064169 ,12.244635
62 ,17 ,10 ,63 ,62 ,500 ,595.820068 ,376.307404 ,486.063721 ,452.297974 ,196.517944 ,425.182922 ,0.000000 ,13.784331 ,12.012440 ,2.673556 ,29.536234 ,12.669818
63 ,24 ,13 ,69 ,76 ,500 ,611.499512 ,344.948456 ,478.223999 ,459.593109 ,238.628937 ,409.573181 ,0.000000 ,14.022960 ,12.422013 ,2.789435 ,30.000206 ,13.079391
64 ,28 ,13 ,68 ,85 ,500 ,674.217407 ,313.589508 ,493.903473 ,466.888245 ,322.850922 ,388.109772 ,0.000000 ,14.345811 ,12.810122 ,2.911811 ,30.478708 ,13.467501
65 ,28 ,13 ,68 ,85 ,500 ,705.576355 ,250.871597 ,478.223999 ,474.183380 ,407.072876 ,369.146362 ,0.000000 ,14.752884 ,13.179269 ,3.033592 ,30.941168 ,13.836647
66 ,18 ,11 ,66 ,97 ,500 ,752.614807 ,188.153702 ,470.384247 ,481.478516 ,505.331848 ,355.975616 ,0.000000 ,15.258216 ,13.535245 ,3.157382 ,31.394970 ,14.192623
67 ,20 ,12 ,69 ,119 ,500 ,799.653198 ,141.115280 ,470.384247 ,488.773651 ,589.553833 ,352.987823 ,0.000000 ,15.847770 ,13.888233 ,3.285836 ,31.847475 ,14.545610
68 ,21 ,10 ,69 ,133 ,500 ,862.371155 ,78.397377 ,470.384247 ,496.068787 ,701.849792 ,359.512207 ,0.000000 ,16.549620 ,14.247745 ,3.419823 ,32.298374 ,14.905123
69 ,21 ,10 ,69 ,133 ,500 ,893.730103 ,31.358950 ,462.544525 ,503.363922 ,772.034790 ,366.341461 ,0.000000 ,17.321653 ,14.614086 ,3.557539 ,32.739941 ,15.271464
70 ,20 ,9 ,71 ,151 ,500 ,925.089050 ,31.358950 ,478.223999 ,510.659058 ,800.108765 ,372.987823 ,0.000000 ,18.121763 ,14.987074 ,3.706284 ,33.194443 ,15.644452
71 ,20 ,8 ,69 ,172 ,500 ,925.089050 ,15.679475 ,470.384247 ,517.954163 ,814.145752 ,385.365875 ,0.000000 ,18.935909 ,15.372440 ,3.858929 ,33.639374 ,16.029818
72 ,20 ,17 ,71 ,220 ,500 ,925.089050 ,31.358950 ,478.223999 ,525.249268 ,800.108765 ,416.524414 ,0.000000 ,19.736017 ,15.788964 ,4.020419 ,34.089504 ,16.446342
73 ,13 ,8 ,74 ,245 ,500 ,893.730103 ,47.038425 ,470.384247 ,532.544373 ,757.997803 ,465.548798 ,0.000000 ,20.494015 ,16.254513 ,4.185105 ,34.530117 ,16.911892
74 ,13 ,8 ,74 ,245 ,500 ,878.050598 ,94.076851 ,486.063721 ,539.839478 ,701.849792 ,513.475647 ,0.000000 ,21.195866 ,16.767988 ,4.360845 ,34.983299 ,17.425367
75 ,20 ,12 ,77 ,281 ,500 ,815.332703 ,172.474228 ,493.903473 ,547.134583 ,575.516846 ,559.573181 ,0.000000 ,21.771381 ,17.327562 ,4.544036 ,35.441975 ,17.984940
76 ,19 ,14 ,79 ,314 ,500 ,768.294250 ,203.833176 ,486.063721 ,554.429688 ,505.331848 ,599.207336 ,0.000000 ,22.276714 ,17.926769 ,4.728293 ,35.891758 ,18.584148
77 ,18 ,17 ,81 ,321 ,500 ,705.576355 ,250.871597 ,478.223999 ,561.724792 ,407.072876 ,624.268311 ,0.000000 ,22.683786 ,18.551039 ,4.912717 ,36.332993 ,19.208416
78 ,18 ,17 ,81 ,321 ,500 ,642.858459 ,297.910034 ,470.384247 ,569.019897 ,308.813904 ,627.987793 ,0.000000 ,22.992601 ,19.179026 ,5.096455 ,36.766006 ,19.836405
79 ,18 ,18 ,84 ,309 ,500 ,595.820068 ,344.948456 ,470.384247 ,572.957825 ,224.591934 ,622.439026 ,0.000000 ,23.217194 ,19.801464 ,5.281889 ,37.198296 ,20.458843
80 ,19 ,17 ,85 ,281 ,500 ,595.820068 ,360.627930 ,478.223999 ,572.957825 ,210.554947 ,607.926819 ,0.000000 ,23.427748 ,20.409391 ,5.472027 ,37.637096 ,21.066771
81 ,21 ,20 ,85 ,220 ,500 ,611.499512 ,344.948456 ,478.223999 ,572.957825 ,238.628937 ,587.073181 ,0.000000 ,23.666376 ,20.996466 ,5.663991 ,38.075100 ,21.653843
82 ,24 ,26 ,85 ,186 ,500 ,595.820068 ,313.589508 ,454.704773 ,572.957825 ,252.665924 ,571.524414 ,0.000000 ,23.919043 ,21.567989 ,5.848350 ,38.490757 ,22.225367
83 ,24 ,26 ,85 ,186 ,500 ,674.217407 ,313.589508 ,493.903473 ,572.957825 ,322.850922 ,545.365845 ,0.000000 ,24.241894 ,22.113356 ,6.051141 ,38.941109 ,22.770733
84 ,27 ,21 ,87 ,139 ,500 ,721.255859 ,282.230560 ,501.743195 ,572.957825 ,393.035889 ,505.670746 ,0.000000 ,24.634930 ,22.619026 ,6.260285 ,39.397182 ,23.276403
85 ,34 ,24 ,90 ,102 ,500 ,752.614807 ,219.512650 ,486.063721 ,572.957825 ,477.257874 ,475.182953 ,0.000000 ,25.112186 ,23.094210 ,6.466567 ,39.837303 ,23.751587
86 ,38 ,23 ,92 ,69 ,500 ,799.653198 ,156.794754 ,478.223999 ,572.957825 ,575.516846 ,458.597565 ,0.000000 ,25.687704 ,23.552807 ,6.673861 ,40.268265 ,24.210184
87 ,43 ,27 ,93 ,52 ,500 ,831.012207 ,109.756325 ,470.384247 ,572.957825 ,645.701843 ,452.378052 ,0.000000 ,26.333406 ,24.005184 ,6.882520 ,40.689835 ,24.662563
88 ,43 ,27 ,93 ,52 ,500 ,893.730103 ,62.717899 ,478.223999 ,572.957825 ,743.960815 ,455.975616 ,0.000000 ,27.077368 ,24.461161 ,7.100204 ,41.115643 ,25.118538
89 ,45 ,30 ,94 ,37 ,500 ,909.409546 ,15.679475 ,462.544525 ,572.957825 ,800.108765 ,461.829285 ,0.000000 ,27.877476 ,24.922989 ,7.316482 ,41.524509 ,25.580368
90 ,47 ,35 ,94 ,22 ,500 ,925.089050 ,-15.679475 ,454.704773 ,572.957825 ,842.219788 ,469.695129 ,0.000000 ,28.719696 ,25.392685 ,7.534979 ,41.923275 ,26.050062
91 ,50 ,38 ,94 ,16 ,500 ,940.768494 ,-15.679475 ,462.544525 ,572.957825 ,856.256775 ,482.987823 ,0.000000 ,29.575953 ,25.875673 ,7.763280 ,42.325554 ,26.533051
92 ,50 ,38 ,94 ,16 ,500 ,972.127441 ,15.679475 ,493.903473 ,572.957825 ,856.256775 ,502.134155 ,0.000000 ,30.432209 ,26.377808 ,8.013452 ,42.751411 ,27.035185
93 ,59 ,48 ,98 ,22 ,500 ,925.089050 ,31.358950 ,478.223999 ,572.957825 ,800.108765 ,518.841492 ,0.000000 ,31.232319 ,26.896648 ,8.261415 ,43.160328 ,27.554026
94 ,64 ,50 ,99 ,22 ,500 ,940.768494 ,62.717899 ,501.743195 ,572.957825 ,786.071777 ,537.682922 ,0.000000 ,32.018391 ,27.434332 ,8.527435 ,43.585743 ,28.091709
95 ,66 ,45 ,101 ,18 ,500 ,909.409546 ,94.076851 ,501.743195 ,572.957825 ,729.923828 ,559.634155 ,0.000000 ,32.748314 ,27.993965 ,8.798853 ,44.007736 ,28.651344
96 ,71 ,43 ,100 ,17 ,500 ,862.371155 ,125.435799 ,493.903473 ,572.957825 ,659.738831 ,578.109741 ,0.000000 ,33.408054 ,28.572075 ,9.070795 ,44.420033 ,29.229454
97 ,71 ,43 ,100 ,17 ,500 ,783.973755 ,141.115280 ,462.544525 ,572.957825 ,575.516846 ,598.353699 ,0.000000 ,33.983570 ,29.170429 ,9.329337 ,44.803574 ,29.827806
98 ,80 ,39 ,104 ,21 ,500 ,752.614807 ,188.153702 ,470.384247 ,572.957825 ,505.331848 ,611.951233 ,0.000000 ,34.488903 ,29.782381 ,9.595691 ,45.191280 ,30.439758
99 ,88 ,33 ,107 ,22 ,500 ,721.255859 ,235.192123 ,478.223999 ,572.957825 ,435.146881 ,618.475647 ,0.000000 ,34.924049 ,30.400856 ,9.869469 ,45.583382 ,31.058233
100 ,95 ,24 ,110 ,20 ,500 ,689.896912 ,282.230560 ,486.063721 ,572.957825 ,364.961914 ,615.975647 ,0.000000 ,35.289009 ,31.016832 ,10.150269 ,45.980133 ,31.674210
101 ,104 ,19 ,116 ,20 ,500 ,658.537964 ,297.910034 ,478.223999 ,572.957825 ,322.850922 ,602.134155 ,0.000000 ,35.611862 ,31.618965 ,10.428734 ,46.368919 ,32.276344
102 ,104 ,19 ,116 ,20 ,500 ,627.179016 ,282.230560 ,454.704773 ,572.957825 ,308.813904 ,593.048767 ,0.000000 ,35.920673 ,32.212013 ,10.695494 ,46.737152 ,32.869392
103 ,120 ,25 ,129 ,30 ,500 ,642.858459 ,266.551086 ,454.704773 ,572.957825 ,336.887909 ,586.585388 ,0.000000 ,36.257565 ,32.798599 ,10.964414 ,47.103809 ,33.455978
104 ,129 ,21 ,141 ,28 ,500 ,658.537964 ,250.871597 ,454.704773 ,572.957825 ,364.961914 ,570.548767 ,0.000000 ,36.622524 ,33.369148 ,11.235663 ,47.468750 ,34.026527
105 ,135 ,15 ,153 ,25 ,500 ,689.896912 ,250.871597 ,470.384247 ,572.957825 ,393.035889 ,547.195129 ,0.000000 ,37.015560 ,33.916344 ,11.518849 ,47.844337 ,34.573723
106 ,135 ,15 ,153 ,25 ,500 ,752.614807 ,235.192123 ,493.903473 ,572.957825 ,463.220886 ,519.390259 ,0.000000 ,37.478783 ,34.435734 ,11.819373 ,48.236290 ,35.093113
107 ,145 ,14 ,169 ,26 ,500 ,783.973755 ,203.833176 ,493.903473 ,572.957825 ,519.368835 ,494.939026 ,0.000000 ,37.998150 ,34.930672 ,12.123439 ,48.625500 ,35.588051
108 ,155 ,15 ,182 ,30 ,500 ,799.653198 ,141.115280 ,470.384247 ,572.957825 ,589.553833 ,483.414642 ,0.000000 ,38.587704 ,35.414089 ,12.416822 ,48.993179 ,36.071465
109 ,164 ,14 ,189 ,31 ,500 ,831.012207 ,94.076851 ,462.544525 ,572.957825 ,659.738831 ,476.890259 ,0.000000 ,39.247444 ,35.890980 ,12.709461 ,49.351383 ,36.548355
110 ,175 ,10 ,193 ,29 ,500 ,862.371155 ,62.717899 ,462.544525 ,572.957825 ,715.886780 ,472.865875 ,0.000000 ,39.963329 ,36.363846 ,13.006552 ,49.705902 ,37.021221
111 ,175 ,10 ,193 ,29 ,500 ,925.089050 ,47.038425 ,486.063721 ,572.957825 ,786.071777 ,475.792694 ,0.000000 ,40.749401 ,36.839638 ,13.323832 ,50.074131 ,37.497013
112 ,187 ,9 ,193 ,30 ,500 ,925.089050 ,15.679475 ,470.384247 ,572.957825 ,814.145752 ,481.402435 ,0.000000 ,41.563549 ,37.321041 ,13.635908 ,50.426083 ,37.978416
113 ,207 ,11 ,194 ,35 ,500 ,940.768494 ,0.000000 ,470.384247 ,572.957825 ,842.219788 ,484.939026 ,0.000000 ,42.405769 ,37.805977 ,13.953124 ,50.773407 ,38.463356
114 ,213 ,12 ,185 ,35 ,500 ,956.447998 ,15.679475 ,486.063721 ,572.957825 ,842.219788 ,490.487823 ,0.000000 ,43.247986 ,38.296467 ,14.286154 ,51.127453 ,38.953846
115 ,213 ,12 ,185 ,35 ,500 ,1003.486389 ,15.679475 ,509.582947 ,572.957825 ,884.330750 ,497.256104 ,0.000000 ,44.132317 ,38.793724 ,14.640985 ,51.493198 ,39.451099
116 ,225 ,9 ,168 ,36 ,500 ,972.127441 ,31.358950 ,501.743195 ,572.957825 ,842.219788 ,507.621948 ,0.000000 ,44.974537 ,39.301346 ,14.995614 ,51.848141 ,39.958721
117 ,239 ,11 ,156 ,41 ,500 ,925.089050 ,47.038425 ,486.063721 ,572.957825 ,786.071777 ,528.231689 ,0.000000 ,45.760609 ,39.829575 ,15.343845 ,52.187248 ,40.486954
118 ,257 ,11 ,142 ,42 ,500 ,878.050598 ,47.038425 ,462.544525 ,572.957825 ,743.960815 ,556.097595 ,0.000000 ,46.504570 ,40.385674 ,15.679389 ,52.505615 ,41.043053
119 ,273 ,11 ,131 ,41 ,500 ,815.332703 ,109.756325 ,462.544525 ,572.957825 ,631.664856 ,593.353699 ,0.000000 ,47.136234 ,40.979027 ,16.018421 ,52.820267 ,41.636406
120 ,273 ,11 ,131 ,41 ,500 ,768.294250 ,203.833176 ,486.063721 ,572.957825 ,505.331848 ,627.621948 ,0.000000 ,47.641567 ,41.606647 ,16.377596 ,53.147758 ,42.264027
121 ,295 ,9 ,120 ,41 ,500 ,736.935303 ,250.871597 ,493.903473 ,572.957825 ,435.146881 ,655.243896 ,0.000000 ,48.076714 ,42.261894 ,16.745079 ,53.477753 ,42.919270
122 ,317 ,14 ,116 ,44 ,500 ,658.537964 ,297.910034 ,478.223999 ,572.957825 ,322.850922 ,665.000000 ,0.000000 ,48.399567 ,42.926895 ,17.102692 ,53.795261 ,43.584270
123 ,333 ,5 ,108 ,40 ,500 ,595.820068 ,313.589508 ,454.704773 ,572.957825 ,252.665924 ,653.353699 ,0.000000 ,48.652229 ,43.580246 ,17.444046 ,54.095654 ,44.237625
124 ,333 ,5 ,108 ,40 ,500 ,564.461121 ,329.268982 ,446.865051 ,572.957825 ,210.554947 ,637.134155 ,0.000000 ,48.862785 ,44.217381 ,17.780596 ,54.389629 ,44.874760
125 ,369 ,14 ,112 ,48 ,500 ,595.820068 ,329.268982 ,462.544525 ,572.957825 ,238.628937 ,614.390259 ,0.000000 ,49.101414 ,44.831772 ,18.130219 ,54.692467 ,45.489151
126 ,394 ,13 ,112 ,50 ,500 ,611.499512 ,329.268982 ,470.384247 ,572.957825 ,252.665924 ,584.512207 ,0.000000 ,49.354080 ,45.416283 ,18.487123 ,54.998867 ,46.073662
127 ,418 ,15 ,110 ,54 ,500 ,658.537964 ,329.268982 ,493.903473 ,572.957825 ,294.776917 ,551.280518 ,0.000000 ,49.648857 ,45.967564 ,18.863522 ,55.318657 ,46.624943
128 ,418 ,15 ,110 ,54 ,500 ,721.255859 ,282.230560 ,501.743195 ,572.957825 ,393.035889 ,514.939026 ,0.000000 ,50.041893 ,46.482502 ,19.248116 ,55.640888 ,47.139881
129 ,447 ,13 ,109 ,52 ,500 ,752.614807 ,250.871597 ,501.743195 ,572.957825 ,449.183868 ,482.682953 ,0.000000 ,50.491077 ,46.965187 ,19.635223 ,55.960098 ,47.622566
130 ,473 ,13 ,111 ,54 ,500 ,783.973755 ,172.474228 ,478.223999 ,572.957825 ,547.442871 ,465.304901 ,0.000000 ,51.038521 ,47.430492 ,20.007074 ,56.260803 ,48.087868
131 ,499 ,13 ,109 ,57 ,500 ,815.332703 ,125.435799 ,470.384247 ,572.957825 ,617.627808 ,458.414642 ,0.000000 ,51.656147 ,47.888905 ,20.375998 ,56.552620 ,48.546284
132 ,521 ,20 ,109 ,61 ,500 ,862.371155 ,78.397377 ,470.384247 ,572.957825 ,701.849792 ,456.097565 ,0.000000 ,52.357998 ,48.345005 ,20.748468 ,56.839897 ,49.002380
133 ,521 ,20 ,109 ,61 ,500 ,909.409546 ,47.038425 ,478.223999 ,572.957825 ,772.034790 ,460.365875 ,0.000000 ,53.130032 ,48.805370 ,21.131046 ,57.126831 ,49.462746
134 ,553 ,19 ,110 ,61 ,500 ,972.127441 ,0.000000 ,486.063721 ,572.957825 ,870.293762 ,467.378052 ,0.000000 ,54.000328 ,49.272747 ,21.524282 ,57.412529 ,49.930126
135 ,570 ,16 ,110 ,61 ,500 ,940.768494 ,-31.358950 ,454.704773 ,572.957825 ,870.293762 ,471.585388 ,0.000000 ,54.870621 ,49.744331 ,21.896166 ,57.674179 ,50.401711
136 ,588 ,16 ,110 ,65 ,500 ,972.127441 ,-15.679475 ,478.223999 ,572.957825 ,884.330750 ,472.804901 ,0.000000 ,55.754951 ,50.217136 ,22.291483 ,57.943291 ,50.874516
137 ,588 ,16 ,110 ,65 ,500 ,987.806946 ,0.000000 ,493.903473 ,572.957825 ,884.330750 ,481.829285 ,0.000000 ,56.639282 ,50.698967 ,22.704004 ,58.214893 ,51.356346
138 ,603 ,20 ,111 ,65 ,500 ,972.127441 ,31.358950 ,501.743195 ,572.957825 ,842.219788 ,509.207336 ,0.000000 ,57.481503 ,51.208176 ,23.127083 ,58.484615 ,51.865551
139 ,611 ,20 ,110 ,69 ,500 ,925.089050 ,62.717899 ,493.903473 ,572.957825 ,772.034790 ,541.768311 ,0.000000 ,58.253536 ,51.749943 ,23.547091 ,58.744488 ,52.407322
140 ,606 ,17 ,111 ,66 ,500 ,878.050598 ,78.397377 ,478.223999 ,572.957825 ,715.886780 ,581.219543 ,0.000000 ,58.969425 ,52.331161 ,23.956877 ,58.991009 ,52.988541
141 ,606 ,17 ,111 ,66 ,500 ,799.653198 ,156.794754 ,478.223999 ,572.957825 ,575.516846 ,612.317078 ,0.000000 ,59.544941 ,52.943478 ,24.369120 ,59.233402 ,53.600857
142 ,563 ,19 ,108 ,68 ,500 ,736.935303 ,203.833176 ,470.384247 ,572.957825 ,477.257874 ,641.158569 ,0.000000 ,60.022198 ,53.584637 ,24.776575 ,59.468437 ,54.242016
143 ,522 ,22 ,117 ,75 ,500 ,705.576355 ,282.230560 ,493.903473 ,572.957825 ,378.998901 ,652.134155 ,0.000000 ,60.401199 ,54.236771 ,25.206026 ,59.712387 ,54.894150
144 ,434 ,26 ,110 ,78 ,500 ,642.858459 ,313.589508 ,478.223999 ,572.957825 ,294.776917 ,646.768311 ,0.000000 ,60.695976 ,54.883541 ,25.623055 ,59.946453 ,55.540920
145 ,434 ,26 ,110 ,78 ,500 ,595.820068 ,329.268982 ,462.544525 ,572.957825 ,238.628937 ,623.170776 ,0.000000 ,60.934605 ,55.506710 ,26.027349 ,60.171162 ,56.164089
146 ,343 ,24 ,106 ,79 ,500 ,595.820068 ,329.268982 ,462.544525 ,572.957825 ,238.628937 ,604.451233 ,0.000000 ,61.173233 ,56.111164 ,26.432575 ,60.394180 ,56.768539
147 ,241 ,24 ,105 ,85 ,500 ,595.820068 ,344.948456 ,470.384247 ,572.957825 ,224.591934 ,594.024414 ,0.000000 ,61.397823 ,56.705189 ,26.845556 ,60.619366 ,57.362564
148 ,178 ,24 ,104 ,87 ,500 ,642.858459 ,297.910034 ,470.384247 ,572.957825 ,308.813904 ,576.829285 ,0.000000 ,61.706638 ,57.282017 ,27.259745 ,60.842323 ,57.939396
149 ,138 ,22 ,104 ,91 ,500 ,689.896912 ,313.589508 ,501.743195 ,572.957825 ,336.887909 ,543.963440 ,0.000000 ,62.043526 ,57.825981 ,27.702936 ,61.077541 ,58.483356
150 ,138 ,22 ,104 ,91 ,500 ,736.935303 ,282.230560 ,509.582947 ,572.957825 ,407.072876 ,511.097565 ,0.000000 ,62.450600 ,58.337078 ,28.154739 ,61.313229 ,58.994457
151 ,100 ,20 ,103 ,91 ,500 ,752.614807 ,219.512650 ,486.063721 ,572.957825 ,477.257874 ,485.609772 ,0.000000 ,62.927856 ,58.822689 ,28.587547 ,61.534443 ,59.480064
152 ,89 ,29 ,101 ,99 ,500 ,783.973755 ,156.794754 ,470.384247 ,572.957825 ,561.479858 ,471.097565 ,0.000000 ,63.489338 ,59.293785 ,29.008471 ,61.744404 ,59.951164
153 ,84 ,21 ,101 ,94 ,500 ,831.012207 ,109.756325 ,470.384247 ,572.957825 ,645.701843 ,467.743927 ,0.000000 ,64.135040 ,59.761528 ,29.431734 ,61.949612 ,60.418907
154 ,84 ,21 ,101 ,94 ,500 ,893.730103 ,78.397377 ,486.063721 ,572.957825 ,729.923828 ,467.317078 ,0.000000 ,64.864960 ,60.228848 ,29.871773 ,62.156067 ,60.886223
155 ,84 ,31 ,102 ,98 ,500 ,909.409546 ,31.358950 ,470.384247 ,572.957825 ,786.071777 ,468.292694 ,0.000000 ,65.651031 ,60.697140 ,30.300318 ,62.350006 ,61.354515
156 ,86 ,39 ,100 ,102 ,500 ,925.089050 ,0.000000 ,462.544525 ,572.957825 ,828.182800 ,473.353668 ,0.000000 ,66.479218 ,61.170494 ,30.724432 ,62.534595 ,61.827869
157 ,88 ,53 ,101 ,102 ,500 ,956.447998 ,-15.679475 ,470.384247 ,572.957825 ,870.293762 ,476.280487 ,0.000000 ,67.349510 ,61.646774 ,31.158535 ,62.715748 ,62.304150
158 ,88 ,53 ,101 ,102 ,500 ,956.447998 ,15.679475 ,486.063721 ,572.957825 ,842.219788 ,481.402435 ,0.000000 ,68.191734 ,62.128174 ,31.609812 ,62.896320 ,62.785553
159 ,91 ,68 ,100 ,103 ,500 ,987.806946 ,15.679475 ,501.743195 ,572.957825 ,870.293762 ,495.365875 ,0.000000 ,69.062027 ,62.623543 ,32.078426 ,63.075623 ,63.280918
160 ,90 ,97 ,99 ,102 ,500 ,972.127441 ,47.038425 ,509.582947 ,572.957825 ,828.182800 ,515.487793 ,0.000000 ,69.890205 ,63.139030 ,32.556942 ,63.250828 ,63.796406
161 ,91 ,182 ,99 ,103 ,500 ,940.768494 ,47.038425 ,493.903473 ,572.957825 ,800.108765 ,541.280518 ,0.000000 ,70.690315 ,63.680309 ,33.023060 ,63.414146 ,64.337685
162 ,91 ,182 ,99 ,103 ,500 ,862.371155 ,78.397377 ,470.384247 ,572.957825 ,701.849792 ,567.256104 ,0.000000 ,71.392166 ,64.247566 ,33.468853 ,63.564243 ,64.904945
163 ,93 ,312 ,97 ,112 ,500 ,799.653198 ,125.435799 ,462.544525 ,572.957825 ,603.590820 ,597.073181 ,0.000000 ,71.995758 ,64.844643 ,33.908749 ,63.707207 ,65.502014
164 ,102 ,515 ,97 ,115 ,500 ,736.935303 ,172.474228 ,454.704773 ,572.957825 ,505.331848 ,630.548767 ,0.000000 ,72.501091 ,65.475189 ,34.342411 ,63.843933 ,66.132568
165 ,101 ,857 ,96 ,114 ,500 ,689.896912 ,250.871597 ,470.384247 ,572.957825 ,393.035889 ,650.060974 ,0.000000 ,72.894127 ,66.125252 ,34.791988 ,63.982292 ,66.782623
166 ,104 ,1093 ,95 ,116 ,500 ,658.537964 ,313.589508 ,486.063721 ,572.957825 ,308.813904 ,655.304871 ,0.000000 ,73.202942 ,66.780556 ,35.257313 ,64.122757 ,67.437935
167 ,104 ,1093 ,95 ,116 ,500 ,627.179016 ,344.948456 ,486.063721 ,572.957825 ,252.665924 ,641.707336 ,0.000000 ,73.455605 ,67.422264 ,35.723255 ,64.261162 ,68.079636
168 ,106 ,1226 ,92 ,119 ,500 ,564.461121 ,344.948456 ,454.704773 ,572.957825 ,196.517944 ,617.621948 ,0.000000 ,73.652122 ,68.039886 ,36.159576 ,64.389153 ,68.697258
169 ,108 ,1288 ,90 ,123 ,500 ,580.140564 ,313.589508 ,446.865051 ,565.662720 ,238.628937 ,596.585388 ,0.000000 ,73.890755 ,68.636467 ,36.588894 ,64.513145 ,69.293846
170 ,112 ,1244 ,88 ,121 ,500 ,627.179016 ,313.589508 ,470.384247 ,558.367615 ,280.739929 ,571.402466 ,0.000000 ,74.171494 ,69.207870 ,37.041443 ,64.641441 ,69.865250
171 ,112 ,1244 ,88 ,121 ,500 ,658.537964 ,329.268982 ,493.903473 ,551.072510 ,294.776917 ,539.146362 ,0.000000 ,74.466270 ,69.747017 ,37.517303 ,64.773712 ,70.404396
172 ,116 ,1142 ,85 ,123 ,500 ,721.255859 ,297.910034 ,509.582947 ,543.777405 ,378.998901 ,505.243927 ,0.000000 ,74.845268 ,70.252258 ,38.009167 ,64.906929 ,70.909637
173 ,119 ,951 ,88 ,127 ,500 ,721.255859 ,266.551086 ,493.903473 ,536.482300 ,407.072876 ,484.146362 ,0.000000 ,75.252342 ,70.736404 ,38.486797 ,65.032661 ,71.393784
174 ,122 ,697 ,85 ,125 ,500 ,736.935303 ,203.833176 ,470.384247 ,529.187195 ,477.257874 ,470.121948 ,0.000000 ,75.729599 ,71.206528 ,38.942669 ,65.148613 ,71.863907
175 ,122 ,697 ,85 ,125 ,500 ,768.294250 ,172.474228 ,470.384247 ,521.892090 ,533.405884 ,465.426849 ,0.000000 ,76.263000 ,71.671959 ,39.399597 ,65.260307 ,72.329338
176 ,124 ,452 ,81 ,127 ,500 ,799.653198 ,156.794754 ,478.223999 ,514.596985 ,575.516846 ,464.817078 ,0.000000 ,76.838524 ,72.136772 ,39.865261 ,65.369202 ,72.794151
177 ,125 ,265 ,81 ,131 ,500 ,815.332703 ,141.115280 ,478.223999 ,507.301849 ,603.590820 ,460.975616 ,0.000000 ,77.442108 ,72.597748 ,40.332043 ,65.473175 ,73.255127
178 ,128 ,105 ,80 ,131 ,500 ,831.012207 ,141.115280 ,486.063721 ,500.006714 ,617.627808 ,460.792694 ,0.000000 ,78.059738 ,73.058540 ,40.807590 ,65.573738 ,73.715919
179 ,131 ,43 ,79 ,130 ,500 ,831.012207 ,125.435799 ,478.223999 ,492.711578 ,631.664856 ,460.914642 ,0.000000 ,78.691406 ,73.519455 ,41.276531 ,65.667519 ,74.176834
180 ,131 ,43 ,79 ,130 ,500 ,815.332703 ,109.756325 ,462.544525 ,485.416443 ,631.664856 ,459.878052 ,0.000000 ,79.323067 ,73.979332 ,41.731068 ,65.753212 ,74.636711
181 ,132 ,21 ,75 ,130 ,500 ,799.653198 ,109.756325 ,454.704773 ,478.121307 ,617.627808 ,460.000000 ,0.000000 ,79.940697 ,74.439331 ,42.178783 ,65.832634 ,75.096710
182 ,136 ,18 ,75 ,137 ,500 ,799.653198 ,156.794754 ,478.223999 ,470.826172 ,575.516846 ,460.914642 ,0.000000 ,80.516212 ,74.900246 ,42.650471 ,65.911430 ,75.557625
183 ,130 ,11 ,74 ,130 ,500 ,768.294250 ,172.474228 ,470.384247 ,463.531036 ,533.405884 ,468.292694 ,0.000000 ,81.049622 ,75.368546 ,43.115128 ,65.984612 ,76.025917
184 ,130 ,11 ,74 ,130 ,500 ,736.935303 ,172.474228 ,454.704773 ,456.235901 ,505.331848 ,475.609772 ,0.000000 ,81.554955 ,75.844154 ,43.564899 ,66.051392 ,76.501534
185 ,143 ,17 ,74 ,137 ,500 ,705.576355 ,219.512650 ,462.544525 ,448.940765 ,435.146881 ,484.207336 ,0.000000 ,81.990097 ,76.328362 ,44.022934 ,66.115845 ,76.985741
186 ,148 ,17 ,71 ,138 ,500 ,674.217407 ,282.230560 ,478.223999 ,441.645630 ,350.924896 ,490.914642 ,0.000000 ,82.341026 ,76.819275 ,44.496891 ,66.179581 ,77.476654
187 ,153 ,21 ,71 ,148 ,500 ,674.217407 ,313.589508 ,493.903473 ,434.350494 ,322.850922 ,490.975616 ,0.000000 ,82.663872 ,77.310249 ,44.986752 ,66.242645 ,77.967628
188 ,157 ,17 ,68 ,148 ,500 ,611.499512 ,297.910034 ,454.704773 ,427.055359 ,280.739929 ,488.841461 ,0.000000 ,82.944618 ,77.799088 ,45.438011 ,66.298500 ,78.456467
189 ,157 ,17 ,68 ,148 ,500 ,595.820068 ,297.910034 ,446.865051 ,419.760223 ,266.702942 ,475.853668 ,0.000000 ,83.211319 ,78.274948 ,45.881744 ,66.351318 ,78.932320
190 ,162 ,17 ,66 ,152 ,500 ,595.820068 ,313.589508 ,454.704773 ,412.465088 ,252.665924 ,453.414642 ,0.000000 ,83.463982 ,78.728363 ,46.333492 ,66.403076 ,79.385735
191 ,164 ,17 ,66 ,164 ,500 ,627.179016 ,329.268982 ,478.223999 ,405.169952 ,266.702942 ,434.512207 ,0.000000 ,83.730690 ,79.162872 ,46.808857 ,66.455299 ,79.820251
192 ,168 ,26 ,65 ,176 ,500 ,611.499512 ,329.268982 ,470.384247 ,397.874817 ,252.665924 ,416.341461 ,0.000000 ,83.983353 ,79.579216 ,47.276649 ,66.504608 ,80.236588
193 ,168 ,26 ,65 ,176 ,500 ,658.537964 ,282.230560 ,470.384247 ,390.579681 ,336.887909 ,392.256104 ,0.000000 ,84.320244 ,79.971466 ,47.744728 ,66.551163 ,80.628845
194 ,172 ,24 ,65 ,187 ,500 ,674.217407 ,282.230560 ,478.223999 ,383.284546 ,350.924896 ,367.256104 ,0.000000 ,84.671165 ,80.338722 ,48.220882 ,66.595573 ,80.996101
195 ,176 ,22 ,65 ,207 ,500 ,689.896912 ,266.551086 ,478.223999 ,375.989410 ,378.998901 ,348.048798 ,0.000000 ,85.050163 ,80.686775 ,48.697323 ,66.636833 ,81.344154
196 ,170 ,21 ,63 ,222 ,500 ,705.576355 ,250.871597 ,478.223999 ,368.694275 ,407.072876 ,331.829285 ,0.000000 ,85.457237 ,81.018600 ,49.174046 ,66.674713 ,81.675980
197 ,170 ,21 ,63 ,222 ,500 ,736.935303 ,219.512650 ,478.223999 ,361.399139 ,463.220886 ,323.841461 ,0.000000 ,85.920456 ,81.342445 ,49.651058 ,66.708733 ,81.999825
198 ,179 ,24 ,63 ,242 ,500 ,752.614807 ,219.512650 ,486.063721 ,354.104004 ,477.257874 ,323.231720 ,0.000000 ,86.397713 ,81.665680 ,50.136162 ,66.739273 ,82.323051
199 ,181 ,24 ,61 ,258 ,500 ,752.614807 ,203.833176 ,478.223999 ,346.808868 ,491.294861 ,324.634155 ,0.000000 ,86.889008 ,81.990311 ,50.613682 ,66.765228 ,82.647690
200 ,182 ,23 ,59 ,287 ,500 ,752.614807 ,203.833176 ,478.223999 ,339.513733 ,491.294861 ,327.378052 ,0.000000 ,87.380302 ,82.317688 ,51.091404 ,66.787086 ,82.975067
201 ,182 ,22 ,58 ,307 ,500 ,752.614807 ,219.512650 ,486.063721 ,332.218597 ,477.257874 ,327.439026 ,0.000000 ,87.857567 ,82.645126 ,51.577129 ,66.805260 ,83.302505
202 ,182 ,22 ,58 ,307 ,500 ,736.935303 ,219.512650 ,478.223999 ,324.923462 ,463.220886 ,323.597565 ,0.000000 ,88.320786 ,82.968727 ,52.055149 ,66.819267 ,83.626106
203 ,201 ,28 ,62 ,331 ,500 ,721.255859 ,235.192123 ,478.223999 ,317.628326 ,435.146881 ,321.463409 ,0.000000 ,88.755928 ,83.290192 ,52.533260 ,66.829651 ,83.947563
204 ,192 ,32 ,57 ,353 ,500 ,674.217407 ,266.551086 ,470.384247 ,310.333191 ,364.961914 ,326.402435 ,0.000000 ,89.120895 ,83.616592 ,53.003586 ,66.836868 ,84.273972
205 ,193 ,28 ,57 ,362 ,500 ,674.217407 ,297.910034 ,486.063721 ,303.038055 ,336.887909 ,333.719513 ,0.000000 ,89.457779 ,83.950310 ,53.489628 ,66.841469 ,84.607689
206 ,193 ,28 ,57 ,362 ,500 ,658.537964 ,313.589508 ,486.063721 ,295.742920 ,308.813904 ,343.841461 ,0.000000 ,89.766594 ,84.294151 ,53.975689 ,66.843452 ,84.951530
207 ,194 ,30 ,55 ,371 ,500 ,580.140564 ,344.948456 ,462.544525 ,288.447784 ,210.554947 ,350.975616 ,0.000000 ,89.977150 ,84.645126 ,54.438232 ,66.843636 ,85.302505
208 ,200 ,33 ,54 ,375 ,500 ,548.781616 ,391.986877 ,470.384247 ,281.152649 ,140.369965 ,346.768311 ,0.000000 ,90.117523 ,84.991898 ,54.908619 ,66.842667 ,85.649277
209 ,203 ,34 ,55 ,361 ,500 ,533.102173 ,407.666351 ,470.384247 ,273.857513 ,112.295967 ,343.475616 ,0.000000 ,90.229813 ,85.335373 ,55.378998 ,66.840782 ,85.992752
210 ,203 ,34 ,55 ,361 ,500 ,501.743195 ,439.025299 ,470.384247 ,266.562378 ,56.147984 ,340.121948 ,0.000000 ,90.285965 ,85.675491 ,55.849377 ,66.838432 ,86.332870
211 ,208 ,33 ,52 ,348 ,500 ,486.063721 ,423.345825 ,454.704773 ,259.267242 ,56.147984 ,327.012207 ,0.000000 ,90.342110 ,86.002502 ,56.304073 ,66.835724 ,86.659882
212 ,213 ,32 ,52 ,331 ,500 ,501.743195 ,439.025299 ,470.384247 ,251.972122 ,56.147984 ,307.500000 ,0.000000 ,90.398262 ,86.310005 ,56.774445 ,66.832451 ,86.967384
213 ,224 ,38 ,55 ,319 ,500 ,501.743195 ,423.345825 ,462.544525 ,244.677002 ,70.184982 ,286.402435 ,0.000000 ,90.468445 ,86.596405 ,57.236973 ,66.828667 ,87.253784
214 ,226 ,39 ,53 ,308 ,500 ,517.422668 ,439.025299 ,478.223999 ,237.381882 ,70.184982 ,260.182922 ,0.000000 ,90.538628 ,86.856590 ,57.715176 ,66.824173 ,87.513969
215 ,226 ,39 ,53 ,308 ,500 ,580.140564 ,439.025299 ,509.582947 ,230.086761 ,126.332962 ,227.621964 ,0.000000 ,90.664963 ,87.084213 ,58.224728 ,66.818260 ,87.741592
216 ,231 ,38 ,52 ,296 ,500 ,580.140564 ,407.666351 ,493.903473 ,222.791641 ,154.406952 ,200.000000 ,0.000000 ,90.819366 ,87.284210 ,58.718578 ,66.811195 ,87.941589
217 ,238 ,41 ,50 ,282 ,500 ,595.820068 ,360.627930 ,478.223999 ,215.496521 ,210.554947 ,183.353668 ,0.000000 ,91.029922 ,87.467567 ,59.196728 ,66.802605 ,88.124947
218 ,245 ,41 ,51 ,272 ,500 ,611.499512 ,329.268982 ,470.384247 ,208.201401 ,252.665924 ,173.597565 ,0.000000 ,91.282593 ,87.641167 ,59.666992 ,66.792068 ,88.298546
219 ,245 ,41 ,51 ,272 ,500 ,627.179016 ,297.910034 ,462.544525 ,200.906281 ,294.776917 ,166.341461 ,0.000000 ,91.577370 ,87.807503 ,60.129360 ,66.779343 ,88.464882
220 ,254 ,40 ,51 ,259 ,500 ,658.537964 ,329.268982 ,493.903473 ,193.611160 ,294.776917 ,167.804886 ,0.000000 ,91.872147 ,87.975311 ,60.623001 ,66.763206 ,88.632690
221 ,263 ,40 ,49 ,245 ,500 ,674.217407 ,313.589508 ,493.903473 ,186.316040 ,322.850922 ,173.170731 ,0.000000 ,92.194992 ,88.148483 ,61.116543 ,66.744286 ,88.805862
222 ,272 ,53 ,50 ,244 ,500 ,642.858459 ,282.230560 ,462.544525 ,179.020920 ,322.850922 ,178.109756 ,0.000000 ,92.517845 ,88.326591 ,61.578640 ,66.723969 ,88.983971
223 ,272 ,53 ,50 ,244 ,500 ,658.537964 ,297.910034 ,478.223999 ,171.725800 ,322.850922 ,175.853668 ,0.000000 ,92.840698 ,88.502449 ,62.056278 ,66.700264 ,89.159821
224 ,286 ,46 ,47 ,231 ,500 ,642.858459 ,329.268982 ,486.063721 ,164.430679 ,280.739929 ,168.597565 ,0.000000 ,93.121437 ,88.671043 ,62.541618 ,66.673798 ,89.328423
225 ,302 ,44 ,49 ,220 ,500 ,642.858459 ,344.948456 ,493.903473 ,157.135559 ,266.702942 ,166.524399 ,0.000000 ,93.388138 ,88.837570 ,63.034660 ,66.644608 ,89.494942
226 ,317 ,46 ,50 ,212 ,500 ,611.499512 ,360.627930 ,486.063721 ,149.840439 ,224.591934 ,169.756104 ,0.000000 ,93.612732 ,89.007324 ,63.519756 ,66.613983 ,89.664703
227 ,336 ,47 ,49 ,204 ,500 ,595.820068 ,391.986877 ,493.903473 ,142.545319 ,182.480957 ,177.073181 ,0.000000 ,93.795212 ,89.184395 ,64.012581 ,66.581291 ,89.841774
228 ,336 ,47 ,49 ,204 ,500 ,564.461121 ,391.986877 ,478.223999 ,135.250198 ,154.406952 ,183.109756 ,0.000000 ,93.949623 ,89.367508 ,64.489670 ,66.548347 ,90.024887
229 ,359 ,48 ,48 ,197 ,500 ,533.102173 ,439.025299 ,486.063721 ,127.955070 ,84.221977 ,187.621948 ,0.000000 ,94.033844 ,89.555130 ,64.974525 ,66.514160 ,90.212509
230 ,376 ,48 ,48 ,192 ,500 ,501.743195 ,454.704773 ,478.223999 ,120.659943 ,42.110989 ,188.292694 ,0.000000 ,94.075951 ,89.743423 ,65.451538 ,66.480164 ,90.400803
231 ,397 ,47 ,48 ,185 ,500 ,454.704773 ,486.063721 ,470.384247 ,113.364815 ,-28.073992 ,185.304886 ,0.000000 ,94.047882 ,89.928726 ,65.920753 ,66.446960 ,90.586105
232 ,397 ,47 ,48 ,185 ,500 ,439.025299 ,517.422668 ,478.223999 ,106.069687 ,-70.184982 ,181.097565 ,0.000000 ,93.977692 ,90.109825 ,66.397820 ,66.413788 ,90.767204
233 ,424 ,51 ,50 ,185 ,500 ,376.307404 ,517.422668 ,446.865051 ,98.774559 ,-126.332962 ,178.292694 ,0.000000 ,93.851364 ,90.288116 ,66.843681 ,66.383774 ,90.945496
234 ,443 ,56 ,48 ,187 ,500 ,407.666351 ,533.102173 ,470.384247 ,91.479431 ,-112.295967 ,169.878052 ,0.000000 ,93.739067 ,90.457993 ,67.313065 ,66.353096 ,91.115372
235 ,458 ,51 ,48 ,182 ,500 ,407.666351 ,533.102173 ,470.384247 ,84.184303 ,-112.295967 ,150.792679 ,0.000000 ,93.626770 ,90.608788 ,67.782501 ,66.323341 ,91.266167
236 ,458 ,51 ,48 ,182 ,500 ,423.345825 ,533.102173 ,478.223999 ,76.889175 ,-98.258972 ,122.134148 ,0.000000 ,93.528511 ,90.730919 ,68.259819 ,66.293915 ,91.388298
237 ,471 ,54 ,49 ,182 ,500 ,454.704773 ,533.102173 ,493.903473 ,69.594048 ,-70.184982 ,86.524391 ,0.000000 ,93.458328 ,90.817444 ,68.752823 ,66.264114 ,91.474823
238 ,478 ,56 ,48 ,183 ,500 ,501.743195 ,517.422668 ,509.582947 ,62.298923 ,-14.036996 ,50.487804 ,0.000000 ,93.444290 ,90.867935 ,69.261490 ,66.233505 ,91.525314
239 ,481 ,55 ,48 ,183 ,500 ,517.422668 ,454.704773 ,486.063721 ,55.003799 ,56.147984 ,23.475611 ,0.000000 ,93.500435 ,90.891411 ,69.746643 ,66.203827 ,91.548790
240 ,481 ,55 ,48 ,183 ,500 ,517.422668 ,407.666351 ,462.544525 ,47.708675 ,98.258972 ,5.731708 ,0.000000 ,93.598694 ,90.897141 ,70.208275 ,66.174797 ,91.554520

