Time[ms], WallSen FL, WallSen L, WallSen R, WallSen FR, Machine V, Mot V L, Mot V R, Mot V LR, Machine Angular, Mot Angular, IMU Angular Z, Machine Angle, Mot Angle, IMU Angle, Mot Distance X, Mot Distance Y, IMU Global Angle
0 ,405 ,443 ,48 ,277 ,700 ,674.217407 ,627.179016 ,650.698242 ,0.000000 ,42.110989 ,10.914635 ,0.000000 ,-0.070185 ,0.000000 ,0.000000 ,0.000000 ,-0.739878
1 ,405 ,443 ,48 ,277 ,700 ,674.217407 ,674.217407 ,674.217407 ,14.298446 ,0.000000 ,7.743903 ,0.000000 ,-0.070185 ,0.007744 ,-0.000826 ,0.674217 ,-0.732134
2 ,409 ,442 ,46 ,277 ,700 ,674.217407 ,674.217407 ,674.217407 ,28.596891 ,0.000000 ,5.609756 ,0.000000 ,-0.070185 ,0.013354 ,-0.001652 ,1.348434 ,-0.726524
3 ,412 ,438 ,45 ,281 ,700 ,689.896912 ,658.537964 ,674.217407 ,42.895336 ,28.073992 ,4.024390 ,0.000000 ,-0.042111 ,0.017378 ,-0.002147 ,2.022651 ,-0.722500
4 ,416 ,441 ,47 ,286 ,700 ,721.255859 ,611.499512 ,666.377686 ,57.193783 ,98.258972 ,-0.243902 ,0.000000 ,0.056148 ,0.017134 ,-0.001494 ,2.689029 ,-0.722744
5 ,419 ,440 ,48 ,289 ,700 ,721.255859 ,580.140564 ,650.698242 ,71.492226 ,126.332962 ,-3.597561 ,0.000000 ,0.182481 ,0.013537 ,0.000578 ,3.339724 ,-0.726341
6 ,419 ,440 ,48 ,289 ,700 ,768.294250 ,533.102173 ,650.698242 ,85.790672 ,210.554947 ,-3.414634 ,0.000000 ,0.393036 ,0.010122 ,0.005042 ,3.990407 ,-0.729756
7 ,426 ,438 ,47 ,290 ,700 ,783.973755 ,533.102173 ,658.537964 ,100.089119 ,224.591934 ,4.817073 ,0.000000 ,0.617628 ,0.014939 ,0.012140 ,4.648906 ,-0.724939
8 ,432 ,438 ,46 ,295 ,700 ,815.332703 ,501.743195 ,658.537964 ,114.387566 ,280.739929 ,15.975610 ,0.000000 ,0.898368 ,0.030915 ,0.022465 ,5.307363 ,-0.708963
9 ,445 ,440 ,55 ,298 ,700 ,799.653198 ,501.743195 ,650.698242 ,128.686005 ,266.702942 ,35.182926 ,0.000000 ,1.165071 ,0.066098 ,0.035696 ,5.957927 ,-0.673781
10 ,445 ,440 ,55 ,298 ,700 ,831.012207 ,533.102173 ,682.057190 ,142.984451 ,266.702942 ,65.670731 ,0.000000 ,1.431774 ,0.131768 ,0.052738 ,6.639771 ,-0.608110
11 ,448 ,434 ,47 ,297 ,700 ,815.332703 ,548.781616 ,682.057190 ,157.282898 ,238.628937 ,97.378052 ,0.000000 ,1.670403 ,0.229146 ,0.072620 ,7.321538 ,-0.510732
12 ,463 ,428 ,48 ,295 ,700 ,799.653198 ,580.140564 ,689.896912 ,171.581345 ,196.517944 ,129.024399 ,0.000000 ,1.866921 ,0.358171 ,0.095096 ,8.011069 ,-0.381707
13 ,479 ,422 ,47 ,294 ,700 ,783.973755 ,580.140564 ,682.057190 ,185.879791 ,182.480957 ,152.500000 ,0.000000 ,2.049402 ,0.510671 ,0.119487 ,8.692690 ,-0.229207
14 ,494 ,419 ,49 ,294 ,700 ,736.935303 ,595.820068 ,666.377686 ,200.178238 ,126.332962 ,167.500000 ,0.000000 ,2.175735 ,0.678171 ,0.144786 ,9.358587 ,-0.061707
15 ,494 ,419 ,49 ,294 ,700 ,736.935303 ,580.140564 ,658.537964 ,214.476685 ,140.369965 ,174.390244 ,0.000000 ,2.316104 ,0.852561 ,0.171399 ,10.016587 ,0.112683
16 ,516 ,413 ,48 ,290 ,700 ,736.935303 ,595.820068 ,666.377686 ,228.775131 ,126.332962 ,178.353668 ,0.000000 ,2.442437 ,1.030915 ,0.199797 ,10.682360 ,0.291037
17 ,531 ,409 ,48 ,290 ,700 ,783.973755 ,564.461121 ,674.217407 ,243.073578 ,196.517944 ,178.841461 ,0.000000 ,2.638955 ,1.209756 ,0.230840 ,11.355863 ,0.469878
18 ,545 ,404 ,48 ,291 ,700 ,799.653198 ,564.461121 ,682.057190 ,257.372009 ,210.554947 ,174.573181 ,0.000000 ,2.849510 ,1.384329 ,0.264747 ,12.037076 ,0.644451
19 ,564 ,401 ,50 ,292 ,700 ,815.332703 ,501.743195 ,658.537964 ,271.670441 ,280.739929 ,176.768295 ,0.000000 ,3.130250 ,1.561098 ,0.300707 ,12.694632 ,0.821220
20 ,564 ,401 ,50 ,292 ,700 ,846.691650 ,454.704773 ,650.698242 ,285.968872 ,350.924896 ,180.792694 ,0.000000 ,3.481175 ,1.741890 ,0.340218 ,13.344130 ,1.002012
21 ,586 ,393 ,48 ,287 ,700 ,862.371155 ,454.704773 ,658.537964 ,300.267303 ,364.961914 ,192.439026 ,0.000000 ,3.846137 ,1.934329 ,0.384390 ,14.001184 ,1.194451
22 ,601 ,383 ,47 ,284 ,700 ,909.409546 ,454.704773 ,682.057190 ,314.565735 ,407.072876 ,210.609756 ,0.000000 ,4.253210 ,2.144939 ,0.434975 ,14.681363 ,1.405061
23 ,622 ,377 ,48 ,284 ,700 ,909.409546 ,454.704773 ,682.057190 ,328.864166 ,407.072876 ,239.268295 ,0.000000 ,4.660283 ,2.384207 ,0.490390 ,15.361165 ,1.644329
24 ,622 ,377 ,48 ,284 ,700 ,862.371155 ,454.704773 ,658.537964 ,343.162598 ,364.961914 ,268.597565 ,0.000000 ,5.025245 ,2.652805 ,0.548075 ,16.017172 ,1.912927
25 ,646 ,371 ,47 ,281 ,700 ,862.371155 ,439.025299 ,650.698242 ,357.461029 ,378.998901 ,297.195129 ,0.000000 ,5.404244 ,2.950000 ,0.609359 ,16.664978 ,2.210122
26 ,666 ,362 ,48 ,280 ,700 ,878.050598 ,501.743195 ,689.896912 ,371.759460 ,336.887909 ,319.207336 ,0.000000 ,5.741132 ,3.269207 ,0.678372 ,17.351414 ,2.529330
27 ,678 ,349 ,46 ,274 ,700 ,846.691650 ,501.743195 ,674.217407 ,386.057892 ,308.813904 ,340.060974 ,0.000000 ,6.049946 ,3.609268 ,0.749431 ,18.021877 ,2.869390
28 ,691 ,343 ,46 ,275 ,700 ,846.691650 ,486.063721 ,666.377686 ,400.356323 ,322.850922 ,347.256104 ,0.000000 ,6.372797 ,3.956525 ,0.823397 ,18.684137 ,3.216647
29 ,691 ,343 ,46 ,275 ,700 ,831.012207 ,486.063721 ,658.537964 ,414.654755 ,308.813904 ,352.621948 ,0.000000 ,6.681611 ,4.309146 ,0.900020 ,19.338202 ,3.569268
30 ,689 ,333 ,37 ,270 ,700 ,846.691650 ,470.384247 ,658.537964 ,428.953186 ,336.887909 ,354.573181 ,0.000000 ,7.018498 ,4.663720 ,0.980486 ,19.991806 ,3.923842
31 ,701 ,324 ,44 ,268 ,700 ,862.371155 ,439.025299 ,650.698242 ,443.251617 ,378.998901 ,354.390259 ,0.000000 ,7.397497 ,5.018110 ,1.064265 ,20.637087 ,4.278232
32 ,697 ,317 ,46 ,267 ,700 ,925.089050 ,423.345825 ,674.217407 ,457.550049 ,449.183868 ,355.121948 ,0.000000 ,7.846681 ,5.373232 ,1.156311 ,21.304993 ,4.633354
33 ,686 ,310 ,45 ,267 ,700 ,925.089050 ,376.307404 ,650.698242 ,471.848480 ,491.294861 ,354.634155 ,0.000000 ,8.337976 ,5.727866 ,1.250670 ,21.948812 ,4.987988
34 ,686 ,310 ,45 ,267 ,700 ,956.447998 ,360.627930 ,658.537964 ,486.146912 ,533.405884 ,361.585388 ,0.000000 ,8.871382 ,6.089452 ,1.352228 ,22.599472 ,5.349574
35 ,669 ,304 ,45 ,269 ,700 ,956.447998 ,329.268982 ,642.858459 ,500.445343 ,561.479858 ,377.317078 ,0.000000 ,9.432862 ,6.466769 ,1.457587 ,23.233639 ,5.726891
36 ,655 ,301 ,40 ,265 ,700 ,1019.165894 ,329.268982 ,674.217407 ,514.743774 ,617.627808 ,398.292694 ,0.000000 ,10.050489 ,6.865061 ,1.575249 ,23.897509 ,6.125184
37 ,638 ,302 ,41 ,263 ,700 ,1019.165894 ,344.948456 ,682.057190 ,529.042236 ,603.590820 ,424.146362 ,0.000000 ,10.654080 ,7.289208 ,1.701347 ,24.567808 ,6.549330
38 ,638 ,302 ,41 ,263 ,700 ,1019.165894 ,329.268982 ,674.217407 ,543.340698 ,617.627808 ,447.439026 ,0.000000 ,11.271708 ,7.736647 ,1.833131 ,25.229021 ,6.996769
39 ,607 ,317 ,38 ,272 ,700 ,1003.486389 ,313.589508 ,658.537964 ,557.639160 ,617.627808 ,474.451233 ,0.000000 ,11.889337 ,8.211098 ,1.968804 ,25.873432 ,7.471220
40 ,588 ,331 ,39 ,267 ,700 ,956.447998 ,344.948456 ,650.698242 ,571.937622 ,547.442871 ,497.682953 ,0.000000 ,12.436779 ,8.708781 ,2.108940 ,26.508862 ,7.968903
41 ,566 ,341 ,34 ,261 ,700 ,987.806946 ,360.627930 ,674.217407 ,586.236084 ,561.479858 ,519.817078 ,0.000000 ,12.998260 ,9.228599 ,2.260586 ,27.165804 ,8.488720
42 ,545 ,345 ,34 ,257 ,700 ,972.127441 ,376.307404 ,674.217407 ,600.534546 ,533.405884 ,537.012207 ,0.000000 ,13.531665 ,9.765611 ,2.418341 ,27.821304 ,9.025732
43 ,545 ,345 ,34 ,257 ,700 ,972.127441 ,376.307404 ,674.217407 ,614.833008 ,533.405884 ,548.841492 ,0.000000 ,14.065071 ,10.314452 ,2.582192 ,28.475309 ,9.574574
44 ,521 ,342 ,31 ,256 ,700 ,940.768494 ,344.948456 ,642.858459 ,629.131470 ,533.405884 ,554.268311 ,0.000000 ,14.598476 ,10.868720 ,2.744220 ,29.097414 ,10.128842
45 ,515 ,327 ,32 ,256 ,700 ,972.127441 ,329.268982 ,650.698242 ,643.429932 ,575.516846 ,555.792725 ,0.000000 ,15.173994 ,11.424513 ,2.914541 ,29.725426 ,10.684635
46 ,506 ,310 ,29 ,254 ,700 ,1019.165894 ,329.268982 ,674.217407 ,657.728394 ,617.627808 ,553.231750 ,0.000000 ,15.791621 ,11.977745 ,3.098022 ,30.374197 ,11.237866
47 ,502 ,298 ,31 ,250 ,700 ,1050.524780 ,297.910034 ,674.217407 ,672.026855 ,673.775818 ,552.134155 ,0.000000 ,16.465397 ,12.529879 ,3.289120 ,31.020765 ,11.790001
48 ,502 ,298 ,31 ,250 ,700 ,1066.204346 ,250.871597 ,658.537964 ,686.325317 ,729.923828 ,557.378052 ,0.000000 ,17.195322 ,13.087257 ,3.483804 ,31.649868 ,12.347379
49 ,505 ,308 ,32 ,258 ,700 ,1066.204346 ,203.833176 ,635.018738 ,700.623779 ,772.034790 ,567.134155 ,0.000000 ,17.967356 ,13.654391 ,3.679691 ,32.253918 ,12.914514
50 ,513 ,312 ,36 ,252 ,700 ,1128.922241 ,203.833176 ,666.377686 ,714.922241 ,828.182800 ,581.280518 ,0.000000 ,18.795538 ,14.235672 ,3.894393 ,32.884762 ,13.495793
51 ,513 ,314 ,35 ,246 ,700 ,1128.922241 ,203.833176 ,666.377686 ,729.220703 ,828.182800 ,600.609741 ,0.000000 ,19.623722 ,14.836282 ,4.118190 ,33.512436 ,14.096403
52 ,513 ,314 ,35 ,246 ,700 ,1160.281128 ,188.153702 ,674.217407 ,743.519165 ,870.293762 ,621.097595 ,0.000000 ,20.494015 ,15.457379 ,4.354240 ,34.143982 ,14.717501
53 ,518 ,323 ,36 ,240 ,700 ,1175.960571 ,188.153702 ,682.057190 ,757.817627 ,884.330750 ,640.548767 ,0.000000 ,21.378345 ,16.097927 ,4.602867 ,34.779106 ,15.358050
54 ,528 ,342 ,40 ,240 ,700 ,1144.601685 ,188.153702 ,666.377686 ,772.116089 ,856.256775 ,659.695129 ,0.000000 ,22.234604 ,16.757624 ,4.855024 ,35.395935 ,16.017746
55 ,531 ,357 ,40 ,237 ,700 ,1160.281128 ,172.474228 ,666.377686 ,786.414551 ,884.330750 ,677.439026 ,0.000000 ,23.118935 ,17.435062 ,5.116672 ,36.008797 ,16.695185
56 ,533 ,372 ,40 ,231 ,700 ,1144.601685 ,188.153702 ,666.377686 ,800.713013 ,856.256775 ,698.231750 ,0.000000 ,23.975191 ,18.133293 ,5.387448 ,36.617680 ,17.393415
57 ,533 ,372 ,40 ,231 ,700 ,1144.601685 ,203.833176 ,674.217407 ,802.140930 ,842.219788 ,717.134155 ,0.000000 ,24.817410 ,18.850428 ,5.670436 ,37.229633 ,18.110550
58 ,530 ,388 ,39 ,222 ,700 ,1128.922241 ,219.512650 ,674.217407 ,802.140930 ,814.145752 ,736.463440 ,0.000000 ,25.631556 ,19.586891 ,5.962090 ,37.837505 ,18.847013
59 ,536 ,412 ,43 ,218 ,700 ,1113.242676 ,219.512650 ,666.377686 ,802.140930 ,800.108765 ,758.597595 ,0.000000 ,26.431665 ,20.345490 ,6.258715 ,38.434223 ,19.605612
60 ,543 ,435 ,44 ,210 ,700 ,1050.524780 ,266.551086 ,658.537964 ,802.140930 ,701.849792 ,774.207336 ,0.000000 ,27.133514 ,21.119698 ,6.559052 ,39.020287 ,20.379818
61 ,538 ,447 ,42 ,199 ,700 ,1034.845337 ,282.230560 ,658.537964 ,802.140930 ,673.775818 ,785.914673 ,0.000000 ,27.807291 ,21.905611 ,6.866259 ,39.602779 ,21.165733
62 ,538 ,447 ,42 ,199 ,700 ,1019.165894 ,313.589508 ,666.377686 ,802.140930 ,631.664856 ,787.621948 ,0.000000 ,28.438955 ,22.693233 ,7.183603 ,40.188740 ,21.953356
63 ,534 ,462 ,41 ,188 ,700 ,1019.165894 ,360.627930 ,689.896912 ,802.140930 ,589.553833 ,780.914673 ,0.000000 ,29.028509 ,23.474148 ,7.518372 ,40.791973 ,22.734270
64 ,536 ,489 ,44 ,184 ,700 ,1019.165894 ,344.948456 ,682.057190 ,802.140930 ,603.590820 ,768.231750 ,0.000000 ,29.632101 ,24.242380 ,7.855601 ,41.384827 ,23.502502
65 ,538 ,507 ,44 ,180 ,700 ,987.806946 ,297.910034 ,642.858459 ,802.140930 ,617.627808 ,760.304871 ,0.000000 ,30.249729 ,25.002686 ,8.179454 ,41.940155 ,24.262806
66 ,538 ,507 ,44 ,180 ,700 ,1034.845337 ,282.230560 ,658.537964 ,802.140930 ,673.775818 ,757.195129 ,0.000000 ,30.923504 ,25.759880 ,8.517872 ,42.505085 ,25.020002
67 ,537 ,523 ,45 ,175 ,700 ,1034.845337 ,297.910034 ,666.377686 ,802.140930 ,659.738831 ,754.024414 ,0.000000 ,31.583242 ,26.513905 ,8.866879 ,43.072758 ,25.774027
68 ,535 ,539 ,46 ,170 ,700 ,1081.883789 ,297.910034 ,689.896912 ,802.140930 ,701.849792 ,750.853699 ,0.000000 ,32.285091 ,27.264759 ,9.235374 ,43.655998 ,26.524879
69 ,544 ,568 ,50 ,165 ,700 ,1066.204346 ,250.871597 ,658.537964 ,802.140930 ,729.923828 ,747.804871 ,0.000000 ,33.015018 ,28.012564 ,9.594185 ,44.208199 ,27.272684
70 ,531 ,586 ,54 ,162 ,700 ,1081.883789 ,235.192123 ,658.537964 ,802.140930 ,757.997803 ,742.865845 ,0.000000 ,33.773014 ,28.755428 ,9.960269 ,44.755608 ,28.015551
71 ,531 ,586 ,54 ,162 ,700 ,1097.563232 ,235.192123 ,666.377686 ,802.140930 ,772.034790 ,737.743896 ,0.000000 ,34.545048 ,29.493174 ,10.338140 ,45.304489 ,28.753294
72 ,531 ,604 ,57 ,155 ,700 ,1144.601685 ,219.512650 ,682.057190 ,802.140930 ,828.182800 ,732.500000 ,0.000000 ,35.373234 ,30.225674 ,10.732984 ,45.860638 ,29.485794
73 ,527 ,632 ,59 ,148 ,700 ,1144.601685 ,188.153702 ,666.377686 ,802.140930 ,856.256775 ,726.829285 ,0.000000 ,36.229488 ,30.952501 ,11.126827 ,46.398174 ,30.212624
74 ,528 ,665 ,64 ,145 ,700 ,1144.601685 ,172.474228 ,658.537964 ,802.140930 ,870.293762 ,720.243896 ,0.000000 ,37.099781 ,31.672747 ,11.524060 ,46.923416 ,30.932869
75 ,528 ,665 ,64 ,145 ,700 ,1160.281128 ,141.115280 ,650.698242 ,802.140930 ,912.404724 ,715.670776 ,0.000000 ,38.012188 ,32.388416 ,11.924780 ,47.436089 ,31.648539
76 ,522 ,703 ,66 ,139 ,700 ,1175.960571 ,141.115280 ,658.537964 ,802.140930 ,926.441772 ,714.024414 ,0.000000 ,38.938629 ,33.102440 ,12.338662 ,47.948311 ,32.362564
77 ,521 ,748 ,73 ,135 ,700 ,1144.601685 ,141.115280 ,642.858459 ,802.140930 ,898.367737 ,722.134155 ,0.000000 ,39.836998 ,33.824577 ,12.750482 ,48.441944 ,33.084698
78 ,517 ,791 ,75 ,130 ,700 ,1144.601685 ,141.115280 ,642.858459 ,802.140930 ,898.367737 ,733.597595 ,0.000000 ,40.735363 ,34.558174 ,13.169989 ,48.929058 ,33.818295
79 ,526 ,807 ,90 ,127 ,700 ,1144.601685 ,188.153702 ,666.377686 ,802.140930 ,856.256775 ,747.317078 ,0.000000 ,41.591621 ,35.305489 ,13.612342 ,49.427437 ,34.565613
80 ,526 ,807 ,90 ,127 ,700 ,1128.922241 ,203.833176 ,666.377686 ,802.140930 ,828.182800 ,763.109802 ,0.000000 ,42.419804 ,36.068600 ,14.061852 ,49.919373 ,35.328724
81 ,510 ,808 ,82 ,119 ,700 ,1081.883789 ,219.512650 ,650.698242 ,802.140930 ,772.034790 ,775.304871 ,0.000000 ,43.191841 ,36.843906 ,14.507218 ,50.393776 ,36.104027
82 ,499 ,820 ,82 ,111 ,700 ,1081.883789 ,266.551086 ,674.217407 ,802.140930 ,729.923828 ,784.207336 ,0.000000 ,43.921764 ,37.628113 ,14.974906 ,50.879406 ,36.888233
83 ,490 ,839 ,80 ,109 ,700 ,1066.204346 ,282.230560 ,674.217407 ,802.140930 ,701.849792 ,784.024414 ,0.000000 ,44.623611 ,38.412136 ,15.448507 ,51.359272 ,37.672260
84 ,486 ,857 ,77 ,106 ,700 ,1050.524780 ,297.910034 ,674.217407 ,802.140930 ,673.775818 ,779.756104 ,0.000000 ,45.297390 ,39.191895 ,15.927719 ,51.833534 ,38.452015
85 ,486 ,857 ,77 ,106 ,700 ,1050.524780 ,297.910034 ,674.217407 ,802.140930 ,673.775818 ,772.195129 ,0.000000 ,45.971165 ,39.964088 ,16.412476 ,52.302128 ,39.224209
86 ,474 ,873 ,73 ,102 ,700 ,1034.845337 ,282.230560 ,658.537964 ,802.140930 ,673.775818 ,762.012207 ,0.000000 ,46.644939 ,40.726101 ,16.891308 ,52.754227 ,39.986221
87 ,467 ,898 ,67 ,99 ,700 ,1066.204346 ,282.230560 ,674.217407 ,802.140930 ,701.849792 ,758.475647 ,0.000000 ,47.346790 ,41.484577 ,17.387173 ,53.211048 ,40.744698
88 ,459 ,925 ,64 ,98 ,700 ,1066.204346 ,266.551086 ,666.377686 ,802.140930 ,715.886780 ,757.378052 ,0.000000 ,48.062675 ,42.241955 ,17.882875 ,53.656399 ,41.502075
89 ,459 ,925 ,64 ,98 ,700 ,1081.883789 ,250.871597 ,666.377686 ,802.140930 ,743.960815 ,752.682922 ,0.000000 ,48.806637 ,42.994637 ,18.384319 ,54.095280 ,42.254761
90 ,438 ,948 ,55 ,93 ,700 ,1097.563232 ,235.192123 ,666.377686 ,802.140930 ,772.034790 ,744.512207 ,0.000000 ,49.578674 ,43.739151 ,18.891630 ,54.527359 ,42.999271
91 ,438 ,996 ,58 ,88 ,700 ,1113.242676 ,235.192123 ,674.217407 ,802.140930 ,786.071777 ,736.219543 ,0.000000 ,50.364746 ,44.475368 ,19.410858 ,54.957443 ,43.735493
92 ,428 ,1044 ,58 ,82 ,700 ,1113.242676 ,203.833176 ,658.537964 ,802.140930 ,814.145752 ,729.268311 ,0.000000 ,51.178890 ,45.204636 ,19.923931 ,55.370274 ,44.464760
93 ,428 ,1044 ,58 ,82 ,700 ,1144.601685 ,188.153702 ,666.377686 ,802.140930 ,856.256775 ,725.000000 ,0.000000 ,52.035149 ,45.929638 ,20.449295 ,55.780212 ,45.189758
94 ,419 ,1111 ,57 ,78 ,700 ,1128.922241 ,172.474228 ,650.698242 ,802.140930 ,856.256775 ,724.695129 ,0.000000 ,52.891403 ,46.654331 ,20.968222 ,56.172798 ,45.914455
95 ,411 ,1219 ,54 ,72 ,700 ,1144.601685 ,156.794754 ,650.698242 ,802.140930 ,884.330750 ,729.024414 ,0.000000 ,53.775734 ,47.383358 ,21.493147 ,56.557327 ,46.643478
96 ,407 ,1310 ,54 ,67 ,700 ,1128.922241 ,172.474228 ,650.698242 ,802.140930 ,856.256775 ,736.341492 ,0.000000 ,54.631992 ,48.119698 ,22.023760 ,56.933968 ,47.379822
97 ,407 ,1310 ,54 ,67 ,700 ,1160.281128 ,172.474228 ,666.377686 ,802.140930 ,884.330750 ,741.036621 ,0.000000 ,55.516323 ,48.860737 ,22.573046 ,57.311253 ,48.120857
98 ,397 ,1409 ,53 ,61 ,700 ,1128.922241 ,188.153702 ,658.537964 ,802.140930 ,842.219788 ,743.475647 ,0.000000 ,56.358543 ,49.604210 ,23.121292 ,57.676079 ,48.864334
99 ,390 ,1517 ,55 ,66 ,700 ,1128.922241 ,203.833176 ,666.377686 ,802.140930 ,828.182800 ,747.256104 ,0.000000 ,57.186726 ,50.351467 ,23.681345 ,58.037189 ,49.611588
100 ,374 ,1631 ,54 ,61 ,700 ,1113.242676 ,219.512650 ,666.377686 ,802.140930 ,800.108765 ,752.926819 ,0.000000 ,57.986835 ,51.104393 ,24.246384 ,58.390446 ,50.364517
101 ,348 ,1672 ,50 ,54 ,700 ,1097.563232 ,219.512650 ,658.537964 ,802.140930 ,786.071777 ,757.500000 ,0.000000 ,58.772907 ,51.861893 ,24.809511 ,58.731853 ,51.122017
102 ,348 ,1672 ,50 ,54 ,700 ,1081.883789 ,219.512650 ,650.698242 ,802.140930 ,772.034790 ,762.682922 ,0.000000 ,59.544941 ,52.624577 ,25.370432 ,59.061668 ,51.884697
103 ,312 ,1679 ,46 ,52 ,700 ,1081.883789 ,250.871597 ,666.377686 ,802.140930 ,743.960815 ,765.487793 ,0.000000 ,60.288902 ,53.390064 ,25.949203 ,59.391941 ,52.650188
104 ,293 ,1613 ,50 ,58 ,700 ,1097.563232 ,266.551086 ,682.057190 ,802.140930 ,743.960815 ,768.292725 ,0.000000 ,61.032864 ,54.158356 ,26.545935 ,59.722267 ,53.418480
105 ,276 ,1522 ,49 ,65 ,700 ,1066.204346 ,266.551086 ,666.377686 ,802.140930 ,715.886780 ,770.487793 ,0.000000 ,61.748749 ,54.928844 ,27.132933 ,60.037689 ,54.188969
106 ,276 ,1522 ,49 ,65 ,700 ,1050.524780 ,266.551086 ,658.537964 ,802.140930 ,701.849792 ,769.695129 ,0.000000 ,62.450600 ,55.698540 ,27.716801 ,60.342274 ,54.958664
107 ,254 ,1411 ,47 ,68 ,700 ,1066.204346 ,266.551086 ,666.377686 ,802.140930 ,715.886780 ,767.134155 ,0.000000 ,63.166485 ,56.465675 ,28.311424 ,60.643074 ,55.725796
108 ,242 ,1264 ,49 ,77 ,700 ,1081.883789 ,282.230560 ,682.057190 ,802.140930 ,715.886780 ,762.804871 ,0.000000 ,63.882374 ,57.228481 ,28.923838 ,60.943329 ,56.488602
109 ,238 ,1182 ,52 ,77 ,700 ,1066.204346 ,250.871597 ,658.537964 ,802.140930 ,729.923828 ,757.865845 ,0.000000 ,64.612297 ,57.986347 ,29.518780 ,61.225670 ,57.246468
110 ,238 ,1182 ,52 ,77 ,700 ,1081.883789 ,266.551086 ,674.217407 ,802.140930 ,729.923828 ,754.207336 ,0.000000 ,65.342224 ,58.740551 ,30.131519 ,61.506950 ,58.000675
111 ,214 ,1111 ,44 ,76 ,700 ,1081.883789 ,235.192123 ,658.537964 ,802.140930 ,757.997803 ,749.695129 ,0.000000 ,66.100220 ,59.490250 ,30.733591 ,61.773750 ,58.750370
112 ,202 ,1054 ,46 ,77 ,700 ,1097.563232 ,235.192123 ,666.377686 ,802.140930 ,772.034790 ,743.780518 ,0.000000 ,66.872253 ,60.234028 ,31.346413 ,62.035492 ,59.494152
113 ,190 ,998 ,48 ,76 ,700 ,1113.242676 ,219.512650 ,666.377686 ,802.140930 ,800.108765 ,738.048828 ,0.000000 ,67.672363 ,60.972076 ,31.962830 ,62.288651 ,60.232201
114 ,179 ,967 ,49 ,76 ,700 ,1128.922241 ,219.512650 ,674.217407 ,802.140930 ,814.145752 ,732.134155 ,0.000000 ,68.486511 ,61.704212 ,32.590076 ,62.535900 ,60.964333
115 ,179 ,967 ,49 ,76 ,700 ,1144.601685 ,203.833176 ,674.217407 ,802.140930 ,842.219788 ,727.804871 ,0.000000 ,69.328728 ,62.432018 ,33.220886 ,62.773903 ,61.692139
116 ,165 ,942 ,46 ,77 ,700 ,1128.922241 ,156.794754 ,642.858459 ,802.140930 ,870.293762 ,729.390259 ,0.000000 ,70.199020 ,63.161407 ,33.825737 ,62.991673 ,62.421528
117 ,155 ,915 ,47 ,77 ,700 ,1144.601685 ,172.474228 ,658.537964 ,802.140930 ,870.293762 ,732.256104 ,0.000000 ,71.069313 ,63.893661 ,34.448654 ,63.205318 ,63.153786
118 ,144 ,903 ,47 ,83 ,700 ,1144.601685 ,172.474228 ,658.537964 ,802.140930 ,870.293762 ,736.768311 ,0.000000 ,71.939606 ,64.630432 ,35.074749 ,63.409477 ,63.890553
119 ,144 ,903 ,47 ,83 ,700 ,1144.601685 ,172.474228 ,658.537964 ,802.140930 ,870.293762 ,742.560974 ,0.000000 ,72.809906 ,65.372993 ,35.703869 ,63.604103 ,64.633118
120 ,124 ,886 ,42 ,80 ,700 ,1128.922241 ,188.153702 ,658.537964 ,802.140930 ,842.219788 ,747.195129 ,0.000000 ,73.652122 ,66.120186 ,36.335781 ,63.789463 ,65.380310
121 ,127 ,867 ,48 ,81 ,700 ,1128.922241 ,203.833176 ,666.377686 ,802.140930 ,828.182800 ,754.207336 ,0.000000 ,74.480309 ,66.874397 ,36.977863 ,63.967766 ,66.134514
122 ,122 ,848 ,50 ,83 ,700 ,1097.563232 ,235.192123 ,666.377686 ,802.140930 ,772.034790 ,761.585388 ,0.000000 ,75.252342 ,67.635979 ,37.622288 ,64.137398 ,66.896103
123 ,122 ,848 ,50 ,83 ,700 ,1113.242676 ,235.192123 ,674.217407 ,787.842468 ,786.071777 ,768.841492 ,0.000000 ,76.038414 ,68.404823 ,38.276588 ,64.300072 ,67.664940
124 ,113 ,832 ,50 ,85 ,700 ,1066.204346 ,250.871597 ,658.537964 ,773.544006 ,729.923828 ,774.268311 ,0.000000 ,76.768333 ,69.179092 ,38.917645 ,64.450798 ,68.439209
125 ,107 ,811 ,51 ,89 ,700 ,1050.524780 ,282.230560 ,666.377686 ,759.245544 ,687.812805 ,775.000000 ,0.000000 ,77.456146 ,69.954086 ,39.568115 ,64.595528 ,69.214211
126 ,97 ,767 ,51 ,89 ,700 ,1019.165894 ,313.589508 ,666.377686 ,744.947083 ,631.664856 ,769.512207 ,0.000000 ,78.087814 ,70.723602 ,40.220142 ,64.733078 ,69.983727
127 ,97 ,767 ,51 ,89 ,700 ,1003.486389 ,376.307404 ,689.896912 ,730.648621 ,561.479858 ,763.597595 ,0.000000 ,78.649292 ,71.487198 ,40.896545 ,64.868858 ,70.747322
128 ,86 ,729 ,54 ,89 ,700 ,956.447998 ,376.307404 ,666.377686 ,716.350159 ,519.368835 ,755.548828 ,0.000000 ,79.168663 ,72.242752 ,41.551052 ,64.994087 ,71.502869
129 ,80 ,710 ,57 ,104 ,700 ,909.409546 ,391.986877 ,650.698242 ,702.051697 ,463.220886 ,750.182922 ,0.000000 ,79.631882 ,72.992935 ,42.191124 ,65.111191 ,72.253052
130 ,79 ,678 ,61 ,104 ,700 ,925.089050 ,376.307404 ,650.698242 ,687.753235 ,491.294861 ,740.670776 ,0.000000 ,80.123177 ,73.733604 ,42.832180 ,65.222809 ,72.993721
131 ,83 ,655 ,61 ,99 ,700 ,909.409546 ,423.345825 ,666.377686 ,673.454773 ,435.146881 ,724.756104 ,0.000000 ,80.558327 ,74.458359 ,43.489529 ,65.332123 ,73.718483
132 ,83 ,655 ,61 ,99 ,700 ,909.409546 ,439.025299 ,674.217407 ,659.156311 ,421.109894 ,699.024414 ,0.000000 ,80.979431 ,75.157387 ,44.155407 ,65.437828 ,74.417503
133 ,93 ,639 ,60 ,100 ,700 ,909.409546 ,407.666351 ,658.537964 ,644.857849 ,449.183868 ,661.341492 ,0.000000 ,81.428619 ,75.818726 ,44.806591 ,65.535980 ,75.078850
134 ,106 ,623 ,61 ,109 ,700 ,940.768494 ,407.666351 ,674.217407 ,630.559387 ,477.257874 ,631.158569 ,0.000000 ,81.905876 ,76.449883 ,45.474091 ,65.630913 ,75.710007
135 ,119 ,609 ,61 ,111 ,700 ,956.447998 ,407.666351 ,682.057190 ,616.260925 ,491.294861 ,607.317078 ,0.000000 ,82.397171 ,77.057198 ,46.150154 ,65.721153 ,76.317322
136 ,119 ,609 ,61 ,111 ,700 ,972.127441 ,376.307404 ,674.217407 ,601.962463 ,533.405884 ,593.292725 ,0.000000 ,82.930580 ,77.650490 ,46.819244 ,65.804131 ,76.910614
137 ,132 ,596 ,63 ,113 ,700 ,972.127441 ,360.627930 ,666.377686 ,587.664001 ,547.442871 ,578.719543 ,0.000000 ,83.478020 ,78.229210 ,47.481308 ,65.879814 ,77.489334
138 ,140 ,583 ,64 ,118 ,700 ,972.127441 ,360.627930 ,666.377686 ,573.365540 ,547.442871 ,574.146362 ,0.000000 ,84.025467 ,78.803360 ,48.144066 ,65.949181 ,78.063484
139 ,155 ,570 ,71 ,131 ,700 ,972.127441 ,344.948456 ,658.537964 ,559.067078 ,561.479858 ,567.012207 ,0.000000 ,84.586945 ,79.370369 ,48.799667 ,66.011299 ,78.630493
140 ,155 ,570 ,71 ,131 ,700 ,956.447998 ,376.307404 ,666.377686 ,544.768616 ,519.368835 ,558.902466 ,0.000000 ,85.106316 ,79.929276 ,49.463615 ,66.068146 ,79.189392
141 ,150 ,557 ,67 ,138 ,700 ,940.768494 ,360.627930 ,650.698242 ,530.470154 ,519.368835 ,547.804871 ,0.000000 ,85.625679 ,80.477081 ,50.112419 ,66.117775 ,79.737198
142 ,150 ,542 ,68 ,148 ,700 ,925.089050 ,391.986877 ,658.537964 ,516.171692 ,477.257874 ,532.560974 ,0.000000 ,86.102936 ,81.009644 ,50.769436 ,66.162537 ,80.269760
143 ,147 ,526 ,68 ,166 ,700 ,925.089050 ,391.986877 ,658.537964 ,501.873260 ,477.257874 ,515.975647 ,0.000000 ,86.580200 ,81.525612 ,51.426800 ,66.201820 ,80.785736
144 ,147 ,518 ,68 ,181 ,700 ,925.089050 ,407.666351 ,666.377686 ,487.574829 ,463.220886 ,504.451233 ,0.000000 ,87.043419 ,82.030067 ,52.092293 ,66.236191 ,81.290192
145 ,147 ,518 ,68 ,181 ,700 ,909.409546 ,423.345825 ,666.377686 ,473.276398 ,435.146881 ,493.841461 ,0.000000 ,87.478561 ,82.523911 ,52.758022 ,66.265503 ,81.784027
146 ,149 ,507 ,64 ,193 ,700 ,909.409546 ,407.666351 ,658.537964 ,458.977966 ,449.183868 ,483.780487 ,0.000000 ,87.927750 ,83.007690 ,53.416130 ,66.289314 ,82.267807
147 ,147 ,492 ,63 ,206 ,700 ,878.050598 ,439.025299 ,658.537964 ,444.679535 ,393.035889 ,473.963440 ,0.000000 ,88.320786 ,83.481651 ,54.074387 ,66.308617 ,82.741776
148 ,151 ,484 ,60 ,217 ,700 ,909.409546 ,454.704773 ,682.057190 ,430.381104 ,407.072876 ,463.780487 ,0.000000 ,88.727859 ,83.945435 ,54.756275 ,66.323761 ,83.205551
149 ,151 ,484 ,60 ,217 ,700 ,862.371155 ,470.384247 ,666.377686 ,416.082672 ,350.924896 ,453.902435 ,0.000000 ,89.078781 ,84.399338 ,55.422565 ,66.334473 ,83.659454
150 ,152 ,473 ,51 ,219 ,700 ,862.371155 ,470.384247 ,666.377686 ,401.784241 ,350.924896 ,439.207336 ,0.000000 ,89.429710 ,84.838539 ,56.088913 ,66.341103 ,84.098663
151 ,165 ,465 ,53 ,220 ,700 ,831.012207 ,470.384247 ,650.698242 ,387.485809 ,322.850922 ,424.268311 ,0.000000 ,89.752556 ,85.262810 ,56.739605 ,66.343918 ,84.522934
152 ,169 ,447 ,50 ,212 ,700 ,862.371155 ,486.063721 ,674.217407 ,373.187378 ,336.887909 ,407.926849 ,0.000000 ,90.089447 ,85.670738 ,57.413822 ,66.342865 ,84.930862
153 ,169 ,447 ,50 ,212 ,700 ,831.012207 ,533.102173 ,682.057190 ,358.888947 ,266.702942 ,393.353668 ,0.000000 ,90.356148 ,86.064095 ,58.095863 ,66.338623 ,85.324211
154 ,174 ,442 ,47 ,211 ,700 ,846.691650 ,501.743195 ,674.217407 ,344.590515 ,308.813904 ,377.926849 ,0.000000 ,90.664963 ,86.442017 ,58.770035 ,66.330795 ,85.702141
155 ,188 ,435 ,44 ,204 ,700 ,815.332703 ,501.743195 ,658.537964 ,330.292084 ,280.739929 ,364.695129 ,0.000000 ,90.945702 ,86.806717 ,59.428486 ,66.319931 ,86.066833
156 ,191 ,423 ,42 ,194 ,700 ,815.332703 ,517.422668 ,666.377686 ,315.993652 ,266.702942 ,355.914642 ,0.000000 ,91.212402 ,87.162628 ,60.094715 ,66.305832 ,86.422752
157 ,202 ,413 ,40 ,187 ,700 ,799.653198 ,517.422668 ,658.537964 ,301.695221 ,252.665924 ,340.182922 ,0.000000 ,91.465073 ,87.502808 ,60.753036 ,66.288994 ,86.762932
158 ,202 ,413 ,40 ,187 ,700 ,799.653198 ,533.102173 ,666.377686 ,287.396790 ,238.628937 ,321.646362 ,0.000000 ,91.703697 ,87.824455 ,61.419121 ,66.269180 ,87.084579
159 ,214 ,419 ,38 ,194 ,700 ,799.653198 ,517.422668 ,658.537964 ,273.098358 ,252.665924 ,302.621948 ,0.000000 ,91.956367 ,88.127083 ,62.077274 ,66.246696 ,87.387199
160 ,228 ,409 ,40 ,184 ,700 ,799.653198 ,533.102173 ,666.377686 ,258.799927 ,238.628937 ,284.207336 ,0.000000 ,92.194992 ,88.411285 ,62.743164 ,66.221176 ,87.671410
161 ,231 ,397 ,36 ,170 ,700 ,815.332703 ,533.102173 ,674.217407 ,244.501480 ,252.665924 ,264.024384 ,0.000000 ,92.447662 ,88.675308 ,63.416763 ,66.192383 ,87.935432
162 ,231 ,397 ,36 ,170 ,700 ,783.973755 ,533.102173 ,658.537964 ,230.203033 ,224.591934 ,253.292694 ,0.000000 ,92.672256 ,88.928604 ,64.074585 ,66.161682 ,88.188728
163 ,241 ,388 ,36 ,161 ,700 ,799.653198 ,517.422668 ,658.537964 ,215.904587 ,252.665924 ,239.573181 ,0.000000 ,92.924919 ,89.168175 ,64.732269 ,66.128075 ,88.428299
164 ,255 ,385 ,36 ,162 ,700 ,783.973755 ,564.461121 ,674.217407 ,201.606140 ,196.517944 ,228.475616 ,0.000000 ,93.121437 ,89.396652 ,65.405487 ,66.091362 ,88.656776
165 ,265 ,381 ,37 ,155 ,700 ,783.973755 ,564.461121 ,674.217407 ,187.307693 ,196.517944 ,224.146347 ,0.000000 ,93.317955 ,89.620796 ,66.078568 ,66.052345 ,88.880920
166 ,265 ,381 ,37 ,155 ,700 ,768.294250 ,580.140564 ,674.217407 ,173.009247 ,168.443954 ,217.195129 ,0.000000 ,93.486397 ,89.837997 ,66.751541 ,66.011345 ,89.098114
167 ,279 ,375 ,36 ,150 ,700 ,736.935303 ,580.140564 ,658.537964 ,158.710800 ,140.369965 ,210.731705 ,0.000000 ,93.626770 ,90.048729 ,67.408760 ,65.969681 ,89.308846
168 ,289 ,370 ,36 ,148 ,700 ,721.255859 ,611.499512 ,666.377686 ,144.412354 ,98.258972 ,202.682938 ,0.000000 ,93.725029 ,90.251411 ,68.073730 ,65.926392 ,89.511528
169 ,304 ,368 ,38 ,151 ,700 ,721.255859 ,627.179016 ,674.217407 ,130.113907 ,84.221977 ,187.256104 ,0.000000 ,93.809250 ,90.438667 ,68.746460 ,65.881599 ,89.698784
170 ,312 ,366 ,40 ,148 ,700 ,705.576355 ,627.179016 ,666.377686 ,115.815460 ,70.184982 ,169.817078 ,0.000000 ,93.879433 ,90.608482 ,69.411308 ,65.836517 ,89.868607
171 ,312 ,366 ,40 ,148 ,700 ,705.576355 ,627.179016 ,666.377686 ,101.517014 ,70.184982 ,150.182938 ,0.000000 ,93.949623 ,90.758667 ,70.076103 ,65.790611 ,90.018784
172 ,320 ,364 ,40 ,144 ,700 ,689.896912 ,642.858459 ,666.377686 ,87.218567 ,42.110989 ,129.390244 ,0.000000 ,93.991730 ,90.888054 ,70.740868 ,65.744225 ,90.148178
173 ,324 ,362 ,40 ,143 ,700 ,689.896912 ,611.499512 ,650.698242 ,72.920120 ,70.184982 ,110.243904 ,0.000000 ,94.061913 ,90.998299 ,71.389931 ,65.698135 ,90.258423
174 ,336 ,363 ,42 ,145 ,700 ,721.255859 ,642.858459 ,682.057190 ,58.621674 ,70.184982 ,93.780487 ,0.000000 ,94.132103 ,91.092079 ,72.070213 ,65.648987 ,90.352203
175 ,336 ,363 ,42 ,145 ,700 ,705.576355 ,627.179016 ,666.377686 ,44.323227 ,70.184982 ,78.048782 ,0.000000 ,94.202286 ,91.170128 ,72.734802 ,65.600159 ,90.430252
176 ,339 ,363 ,44 ,143 ,700 ,705.576355 ,627.179016 ,666.377686 ,30.024780 ,70.184982 ,68.109756 ,0.000000 ,94.272469 ,91.238235 ,73.399323 ,65.550514 ,90.498360
177 ,346 ,364 ,47 ,144 ,700 ,689.896912 ,627.179016 ,658.537964 ,15.726335 ,56.147984 ,61.280491 ,0.000000 ,94.328621 ,91.299515 ,74.055984 ,65.500809 ,90.559639
178 ,350 ,369 ,50 ,148 ,700 ,674.217407 ,658.537964 ,666.377686 ,1.427889 ,14.036996 ,53.597561 ,0.000000 ,94.342659 ,91.353119 ,74.720451 ,65.450348 ,90.613235
179 ,350 ,369 ,50 ,148 ,700 ,658.537964 ,674.217407 ,666.377686 ,0.000000 ,-14.036996 ,49.024391 ,0.000000 ,94.328621 ,91.402138 ,75.384926 ,65.400055 ,90.662262
180 ,355 ,370 ,50 ,151 ,700 ,642.858459 ,674.217407 ,658.537964 ,0.000000 ,-28.073992 ,42.317074 ,0.000000 ,94.300545 ,91.444458 ,76.041611 ,65.350670 ,90.704582
181 ,362 ,374 ,58 ,149 ,700 ,642.858459 ,689.896912 ,666.377686 ,0.000000 ,-42.110989 ,32.317074 ,0.000000 ,94.258430 ,91.476776 ,76.706146 ,65.301186 ,90.736900
182 ,365 ,377 ,60 ,148 ,700 ,642.858459 ,705.576355 ,674.217407 ,0.000000 ,-56.147984 ,20.426830 ,0.000000 ,94.202286 ,91.497200 ,77.378555 ,65.251785 ,90.757324
183 ,369 ,382 ,64 ,153 ,700 ,658.537964 ,674.217407 ,666.377686 ,0.000000 ,-14.036996 ,3.658537 ,0.000000 ,94.188248 ,91.500862 ,78.043152 ,65.203117 ,90.760979

