Time[ms], WallSen FL, WallSen L, WallSen R, WallSen FR, Machine V, Mot V L, Mot V R, Mot V LR, Machine Angular, Mot Angular, IMU Angular Z, Machine Angle, Mot Angle, IMU Angle, Mot Distance X, Mot Distance Y, IMU Global Angle, IMU V
0 ,285 ,415 ,29 ,193 ,1200 ,1128.922241 ,1144.601685 ,1136.761963 ,0.000000 ,-14.036996 ,0.243902 ,0.000000 ,0.028074 ,0.000000 ,0.000000 ,0.000000 ,-1.003354 ,-3.828125
1 ,288 ,406 ,28 ,190 ,1200 ,1128.922241 ,1144.601685 ,1136.761963 ,25.026571 ,-14.036996 ,1.402439 ,0.000000 ,0.014037 ,0.001402 ,0.000278 ,1.136762 ,-1.001951 ,1.244141
2 ,288 ,406 ,28 ,190 ,1200 ,1160.281128 ,1050.524780 ,1105.402954 ,50.053143 ,98.258972 ,3.902439 ,0.000000 ,0.112296 ,0.005305 ,0.002445 ,2.242163 ,-0.998049 ,9.426758
3 ,293 ,407 ,29 ,195 ,1200 ,1270.037476 ,846.691650 ,1058.364624 ,75.079712 ,378.998901 ,6.036585 ,0.000000 ,0.491295 ,0.011341 ,0.011520 ,3.300488 ,-0.992012 ,13.111328
4 ,299 ,400 ,29 ,196 ,1200 ,1332.755371 ,674.217407 ,1003.486389 ,100.106285 ,589.553833 ,15.121951 ,0.000000 ,1.080849 ,0.026463 ,0.030449 ,4.303796 ,-0.976890 ,21.341797
5 ,301 ,398 ,25 ,203 ,1200 ,1395.473267 ,548.781616 ,972.127441 ,125.132858 ,757.997803 ,37.987804 ,0.000000 ,1.838847 ,0.064451 ,0.061643 ,5.275424 ,-0.938902 ,30.385742
6 ,320 ,388 ,30 ,199 ,1200 ,1442.511719 ,486.063721 ,964.287720 ,150.159424 ,856.256775 ,92.073174 ,0.000000 ,2.695103 ,0.156524 ,0.106985 ,6.238645 ,-0.846829 ,39.525391
7 ,320 ,388 ,30 ,199 ,1200 ,1395.473267 ,548.781616 ,972.127441 ,175.185989 ,757.997803 ,166.341461 ,0.000000 ,3.453101 ,0.322866 ,0.165538 ,7.209007 ,-0.680488 ,115.513672
8 ,336 ,377 ,31 ,195 ,1200 ,1097.563232 ,783.973755 ,940.768494 ,200.212555 ,280.739929 ,237.926834 ,0.000000 ,3.733841 ,0.560793 ,0.226802 ,8.147779 ,-0.442561 ,201.072266
9 ,354 ,367 ,30 ,194 ,1200 ,878.050598 ,1003.486389 ,940.768494 ,225.239120 ,-112.295967 ,297.195129 ,0.000000 ,3.621545 ,0.857988 ,0.286227 ,9.086669 ,-0.145366 ,214.901367
10 ,374 ,356 ,30 ,188 ,1200 ,689.896912 ,1160.281128 ,925.089050 ,250.265686 ,-421.109894 ,326.341461 ,0.000000 ,3.200435 ,1.184329 ,0.337873 ,10.010315 ,0.180976 ,186.668945
11 ,394 ,345 ,29 ,185 ,1200 ,548.781616 ,1301.396484 ,925.089050 ,275.292267 ,-673.775818 ,317.500000 ,0.000000 ,2.526659 ,1.501829 ,0.378655 ,10.934505 ,0.498476 ,107.235352
12 ,394 ,345 ,29 ,185 ,1200 ,548.781616 ,1222.999023 ,885.890320 ,300.318848 ,-603.590820 ,280.182922 ,0.000000 ,1.923069 ,1.782012 ,0.408384 ,11.819896 ,0.778659 ,44.836914
13 ,411 ,340 ,28 ,188 ,1200 ,721.255859 ,940.768494 ,831.012207 ,325.345428 ,-196.517944 ,210.975616 ,0.000000 ,1.726551 ,1.992988 ,0.433422 ,12.650531 ,0.989634 ,40.195312
14 ,421 ,347 ,29 ,202 ,1200 ,831.012207 ,831.012207 ,831.012207 ,350.372009 ,0.000000 ,152.439026 ,0.000000 ,1.726551 ,2.145427 ,0.458459 ,13.481166 ,1.142073 ,17.130859
15 ,429 ,336 ,29 ,196 ,1200 ,705.576355 ,956.447998 ,831.012207 ,375.398590 ,-224.591934 ,110.060982 ,0.000000 ,1.501959 ,2.255488 ,0.480241 ,14.311893 ,1.252134 ,-49.000000
16 ,429 ,336 ,29 ,196 ,1200 ,658.537964 ,940.768494 ,799.653198 ,400.425171 ,-252.665924 ,96.402443 ,0.000000 ,1.249293 ,2.351890 ,0.497676 ,15.111356 ,1.348537 ,-72.734375
17 ,446 ,332 ,32 ,195 ,1200 ,799.653198 ,721.255859 ,760.454529 ,425.451752 ,70.184982 ,98.597565 ,0.000000 ,1.319478 ,2.450488 ,0.515187 ,15.871609 ,1.447134 ,-25.744141
18 ,457 ,329 ,29 ,193 ,1200 ,956.447998 ,580.140564 ,768.294250 ,450.478333 ,336.887909 ,99.268295 ,0.000000 ,1.656366 ,2.549756 ,0.537394 ,16.639582 ,1.546403 ,1.387695
19 ,467 ,322 ,31 ,197 ,1200 ,1066.204346 ,360.627930 ,713.416138 ,475.504913 ,631.664856 ,96.097565 ,0.000000 ,2.288030 ,2.645854 ,0.565876 ,17.352428 ,1.642500 ,-7.273438
20 ,476 ,320 ,32 ,201 ,1200 ,1222.999023 ,156.794754 ,689.896912 ,500.531494 ,954.515747 ,91.646347 ,0.000000 ,3.242546 ,2.737500 ,0.604899 ,18.041222 ,1.734146 ,-0.047852
21 ,476 ,320 ,32 ,201 ,1200 ,1332.755371 ,-15.679475 ,658.537964 ,525.558044 ,1207.181641 ,95.304878 ,0.000000 ,4.449728 ,2.832805 ,0.655991 ,18.697775 ,1.829451 ,31.677734
22 ,488 ,318 ,31 ,205 ,1200 ,1426.832275 ,-188.153702 ,619.339294 ,550.584595 ,1445.810547 ,93.536591 ,0.000000 ,5.895539 ,2.926342 ,0.719606 ,19.313839 ,1.922988 ,54.359375
23 ,497 ,315 ,32 ,207 ,1200 ,1520.909058 ,-344.948456 ,587.980286 ,575.611145 ,1670.402588 ,92.134148 ,0.000000 ,7.565941 ,3.018476 ,0.797024 ,19.896700 ,2.015122 ,42.348633
24 ,507 ,310 ,30 ,209 ,1200 ,1583.626953 ,-517.422668 ,533.102173 ,600.637695 ,1880.957520 ,105.487808 ,0.000000 ,9.446898 ,3.123964 ,0.884524 ,20.422571 ,2.120610 ,50.100586
25 ,507 ,310 ,30 ,209 ,1200 ,1630.665405 ,-642.858459 ,493.903473 ,625.664246 ,2035.364502 ,120.000000 ,0.000000 ,11.482264 ,3.243964 ,0.982843 ,20.906591 ,2.240610 ,80.582031
26 ,526 ,313 ,37 ,218 ,1200 ,1630.665405 ,-799.653198 ,415.506104 ,650.690796 ,2175.734375 ,145.243912 ,0.000000 ,13.657998 ,3.389208 ,1.080954 ,21.310347 ,2.385854 ,100.105469
27 ,525 ,306 ,32 ,217 ,1200 ,1630.665405 ,-909.409546 ,360.627930 ,675.717346 ,2273.993408 ,180.304886 ,0.000000 ,15.931992 ,3.569512 ,1.179945 ,21.657124 ,2.566159 ,150.349609
28 ,531 ,299 ,31 ,218 ,1200 ,1614.985962 ,-940.768494 ,337.108704 ,700.743896 ,2288.030273 ,221.829269 ,0.000000 ,18.220022 ,3.791342 ,1.285348 ,21.977329 ,2.787988 ,212.556641
29 ,534 ,292 ,32 ,220 ,1200 ,1662.024414 ,-721.255859 ,470.384247 ,725.770447 ,2133.623535 ,259.329285 ,0.000000 ,20.353645 ,4.050671 ,1.448954 ,22.418344 ,3.047317 ,307.111328
30 ,534 ,292 ,32 ,220 ,1200 ,1709.062744 ,-391.986877 ,658.537964 ,750.796997 ,1880.957520 ,301.341461 ,0.000000 ,22.234604 ,4.352013 ,1.698145 ,23.027916 ,3.348659 ,437.889648
31 ,538 ,287 ,32 ,221 ,1200 ,1709.062744 ,-31.358950 ,838.851929 ,775.823547 ,1558.106567 ,363.475616 ,0.000000 ,23.792709 ,4.715488 ,2.036562 ,23.795475 ,3.712134 ,528.185547
32 ,532 ,271 ,30 ,218 ,1200 ,1583.626953 ,360.627930 ,972.127441 ,800.850098 ,1094.885742 ,442.682922 ,0.000000 ,24.887596 ,5.158171 ,2.445672 ,24.677326 ,4.154817 ,556.417969
33 ,520 ,256 ,28 ,213 ,1200 ,1317.075928 ,642.858459 ,979.967163 ,825.876648 ,603.590820 ,535.000000 ,0.000000 ,25.491186 ,5.693171 ,2.867422 ,25.561893 ,4.689817 ,549.718750
34 ,520 ,256 ,28 ,213 ,1200 ,1081.883789 ,909.409546 ,995.646667 ,850.903198 ,154.406952 ,605.121948 ,0.000000 ,25.645594 ,6.298293 ,3.298342 ,26.459459 ,5.294940 ,488.277344
35 ,504 ,248 ,37 ,214 ,1200 ,893.730103 ,1066.204346 ,979.967163 ,875.929749 ,-154.406952 ,631.280518 ,0.000000 ,25.491186 ,6.929574 ,3.720092 ,27.344027 ,5.926220 ,366.973633
36 ,471 ,246 ,29 ,219 ,1200 ,862.371155 ,1081.883789 ,972.127441 ,900.956299 ,-196.517944 ,603.963440 ,0.000000 ,25.294668 ,7.533537 ,4.135457 ,28.222950 ,6.530183 ,224.280273
37 ,455 ,242 ,30 ,215 ,1200 ,1066.204346 ,846.691650 ,956.447998 ,925.982849 ,196.517944 ,530.975647 ,0.000000 ,25.491186 ,8.064513 ,4.547085 ,29.086288 ,7.061159 ,40.721680
38 ,444 ,248 ,30 ,213 ,1200 ,1144.601685 ,689.896912 ,917.249268 ,951.009399 ,407.072876 ,460.060974 ,0.000000 ,25.898260 ,8.524573 ,4.947716 ,29.911419 ,7.521220 ,-146.186523
39 ,444 ,248 ,30 ,213 ,1200 ,1003.486389 ,815.332703 ,909.409546 ,976.035950 ,168.443954 ,422.743927 ,0.000000 ,26.066704 ,8.947318 ,5.347327 ,30.728327 ,7.943964 ,-259.020508
40 ,434 ,261 ,33 ,214 ,1200 ,940.768494 ,831.012207 ,885.890320 ,1001.062500 ,98.258972 ,412.012207 ,0.000000 ,26.164963 ,9.359330 ,5.737966 ,31.523439 ,8.355976 ,-307.207031
41 ,430 ,284 ,33 ,219 ,1200 ,1050.524780 ,595.820068 ,823.172424 ,1026.089111 ,407.072876 ,399.329285 ,0.000000 ,26.572035 ,9.758659 ,6.106190 ,32.259663 ,8.755305 ,-354.915039
42 ,427 ,289 ,33 ,217 ,1200 ,1207.319580 ,454.704773 ,831.012207 ,1031.323975 ,673.775818 ,391.646362 ,0.000000 ,27.245811 ,10.150306 ,6.486635 ,32.998474 ,9.146952 ,-381.759766
43 ,427 ,289 ,33 ,217 ,1200 ,1332.755371 ,250.871597 ,791.813477 ,1031.323975 ,968.552734 ,383.414642 ,0.000000 ,28.214363 ,10.533720 ,6.860982 ,33.696209 ,9.530367 ,-403.867188
44 ,426 ,292 ,36 ,217 ,1200 ,1411.152710 ,109.756325 ,760.454529 ,1031.323975 ,1165.070679 ,383.780487 ,0.000000 ,29.379435 ,10.917500 ,7.234054 ,34.358860 ,9.914147 ,-421.380859
45 ,425 ,291 ,36 ,220 ,1200 ,1505.229614 ,-78.397377 ,713.416138 ,1031.323975 ,1417.736572 ,400.426849 ,0.000000 ,30.797171 ,11.317927 ,7.599323 ,34.971672 ,10.314574 ,-398.938477
46 ,431 ,285 ,39 ,223 ,1200 ,1536.588501 ,-109.756325 ,713.416138 ,1031.323975 ,1473.884644 ,414.268311 ,0.000000 ,32.271057 ,11.732196 ,7.980234 ,35.574890 ,10.728842 ,-397.359375
47 ,436 ,274 ,40 ,220 ,1200 ,1630.665405 ,62.717899 ,846.691650 ,1031.323975 ,1403.699585 ,440.304901 ,0.000000 ,33.674755 ,12.172501 ,8.449706 ,36.279507 ,11.169147 ,-387.310547
48 ,436 ,274 ,40 ,220 ,1200 ,1614.985962 ,235.192123 ,925.089050 ,1031.323975 ,1235.255615 ,462.134155 ,0.000000 ,34.910011 ,12.634635 ,8.979124 ,37.038128 ,11.631281 ,-366.686523
49 ,443 ,272 ,42 ,223 ,1200 ,1348.434814 ,407.666351 ,878.050598 ,1031.323975 ,842.219788 ,474.207336 ,0.000000 ,35.752232 ,13.108843 ,9.492153 ,37.750710 ,12.105489 ,-364.389648
50 ,452 ,276 ,44 ,225 ,1200 ,1222.999023 ,548.781616 ,885.890320 ,1031.323975 ,603.590820 ,493.231720 ,0.000000 ,36.355824 ,13.602075 ,10.017307 ,38.464161 ,12.598721 ,-366.160156
51 ,459 ,282 ,44 ,223 ,1200 ,1254.358032 ,705.576355 ,979.967163 ,1031.323975 ,491.294861 ,506.219513 ,0.000000 ,36.847118 ,14.108294 ,10.604976 ,39.248371 ,13.104940 ,-400.134766
52 ,459 ,282 ,44 ,223 ,1200 ,1144.601685 ,831.012207 ,987.806946 ,1031.323975 ,280.739929 ,511.219513 ,0.000000 ,37.127857 ,14.619514 ,11.201212 ,40.035938 ,13.616159 ,-468.083984
53 ,470 ,289 ,45 ,223 ,1200 ,1270.037476 ,862.371155 ,1066.204346 ,1031.323975 ,364.961914 ,500.182953 ,0.000000 ,37.492817 ,15.119697 ,11.850170 ,40.881897 ,14.116343 ,-576.850586
54 ,474 ,304 ,47 ,224 ,1200 ,1364.114380 ,611.499512 ,987.806946 ,1031.323975 ,673.775818 ,478.841461 ,0.000000 ,38.166595 ,15.598537 ,12.460586 ,41.658527 ,14.595184 ,-728.827148
55 ,479 ,325 ,43 ,230 ,1200 ,1442.511719 ,423.345825 ,932.928772 ,1031.323975 ,912.404724 ,469.512207 ,0.000000 ,39.078999 ,16.068050 ,13.048696 ,42.382740 ,15.064696 ,-880.995117
56 ,491 ,335 ,49 ,228 ,1200 ,1473.870605 ,266.551086 ,870.210876 ,1031.323975 ,1080.848755 ,475.487823 ,0.000000 ,40.159847 ,16.543537 ,13.609914 ,43.047798 ,15.540184 ,-1023.879883
57 ,491 ,335 ,49 ,228 ,1200 ,1520.909058 ,125.435799 ,823.172424 ,1031.323975 ,1249.292603 ,506.951233 ,0.000000 ,41.409142 ,17.050489 ,14.154386 ,43.665180 ,16.047134 ,-1153.940430
58 ,495 ,343 ,47 ,223 ,1200 ,1442.511719 ,109.756325 ,776.134033 ,1031.323975 ,1193.144653 ,559.390259 ,0.000000 ,42.602287 ,17.609879 ,14.679755 ,44.236469 ,16.606525 ,-1236.580078
59 ,499 ,368 ,49 ,224 ,1200 ,1175.960571 ,329.268982 ,752.614807 ,1031.323975 ,757.997803 ,611.524414 ,0.000000 ,43.360283 ,18.221403 ,15.196488 ,44.783661 ,17.218050 ,-1268.688477
60 ,503 ,384 ,49 ,218 ,1200 ,925.089050 ,517.422668 ,721.255859 ,1031.323975 ,364.961914 ,649.207336 ,0.000000 ,43.725246 ,18.870611 ,15.695021 ,45.304882 ,17.867258 ,-1298.117188
61 ,503 ,384 ,49 ,218 ,1200 ,752.614807 ,689.896912 ,721.255859 ,1031.323975 ,56.147984 ,661.402466 ,0.000000 ,43.781395 ,19.532013 ,16.194065 ,45.825619 ,18.528660 ,-1371.425781
62 ,508 ,402 ,48 ,215 ,1200 ,721.255859 ,846.691650 ,783.973755 ,1031.323975 ,-112.295967 ,652.804871 ,0.000000 ,43.669098 ,20.184818 ,16.735392 ,46.392700 ,19.181465 ,-1480.048828
63 ,512 ,415 ,47 ,206 ,1200 ,846.691650 ,878.050598 ,862.371155 ,1031.323975 ,-28.073992 ,631.707336 ,0.000000 ,43.641022 ,20.816526 ,17.330547 ,47.016777 ,19.813171 ,-1581.207031
64 ,518 ,449 ,50 ,214 ,1200 ,1019.165894 ,627.179016 ,823.172424 ,1031.323975 ,350.924896 ,602.195129 ,0.000000 ,43.991947 ,21.418720 ,17.902288 ,47.608997 ,20.415367 ,-1682.700195
65 ,523 ,459 ,49 ,202 ,1200 ,1175.960571 ,423.345825 ,799.653198 ,1031.323975 ,673.775818 ,568.109741 ,0.000000 ,44.665726 ,21.986832 ,18.464420 ,48.177731 ,20.983477 ,-1794.194336
66 ,523 ,459 ,49 ,202 ,1200 ,1317.075928 ,250.871597 ,783.973755 ,1031.323975 ,954.515747 ,549.268311 ,0.000000 ,45.620239 ,22.536098 ,19.024740 ,48.726048 ,21.532745 ,-1876.929688
67 ,533 ,472 ,53 ,198 ,1200 ,1458.191162 ,94.076851 ,776.134033 ,1031.323975 ,1221.218628 ,535.000000 ,0.000000 ,46.841457 ,23.071098 ,19.590902 ,49.256939 ,22.067745 ,-1948.515625
68 ,538 ,493 ,52 ,193 ,1200 ,1536.588501 ,-47.038425 ,744.775085 ,1031.323975 ,1417.736572 ,543.963440 ,0.000000 ,48.259193 ,23.615063 ,20.146627 ,49.752781 ,22.611710 ,-1997.754883
69 ,546 ,511 ,53 ,185 ,1200 ,1583.626953 ,-78.397377 ,752.614807 ,1031.323975 ,1487.921631 ,564.634155 ,0.000000 ,49.747116 ,24.179697 ,20.721024 ,50.239094 ,23.176344 ,-2013.976562
70 ,546 ,511 ,53 ,185 ,1200 ,1520.909058 ,94.076851 ,807.492981 ,1031.323975 ,1277.366699 ,588.353699 ,0.000000 ,51.024483 ,24.768051 ,21.348780 ,50.746998 ,23.764696 ,-2045.175781
71 ,550 ,531 ,55 ,185 ,1200 ,1254.358032 ,297.910034 ,776.134033 ,1031.323975 ,856.256775 ,632.804871 ,0.000000 ,51.880741 ,25.400856 ,21.959385 ,51.226105 ,24.397501 ,-2068.862305
72 ,554 ,550 ,55 ,181 ,1200 ,1050.524780 ,486.063721 ,768.294250 ,1031.323975 ,505.331848 ,673.963440 ,0.000000 ,52.386074 ,26.074820 ,22.567984 ,51.695023 ,25.071465 ,-2086.375977
73 ,557 ,576 ,56 ,174 ,1200 ,783.973755 ,658.537964 ,721.255859 ,1031.323975 ,112.295967 ,689.878052 ,0.000000 ,52.498367 ,26.764696 ,23.140182 ,52.134113 ,25.761343 ,-2156.382812
74 ,557 ,576 ,56 ,174 ,1200 ,674.217407 ,799.653198 ,736.935303 ,1031.323975 ,-112.295967 ,689.817078 ,0.000000 ,52.386074 ,27.454514 ,23.723938 ,52.583893 ,26.451160 ,-2271.226562
75 ,561 ,597 ,60 ,171 ,1200 ,595.820068 ,846.691650 ,721.255859 ,1031.323975 ,-224.591934 ,672.134155 ,0.000000 ,52.161480 ,28.126648 ,24.293545 ,53.026337 ,27.123295 ,-2417.078125
76 ,575 ,628 ,71 ,175 ,1200 ,752.614807 ,564.461121 ,658.537964 ,1031.323975 ,168.443954 ,655.365845 ,0.000000 ,52.329926 ,28.782015 ,24.814806 ,53.428780 ,27.778660 ,-2523.930664
77 ,568 ,658 ,68 ,168 ,1200 ,909.409546 ,344.948456 ,627.179016 ,1031.323975 ,505.331848 ,631.402466 ,0.000000 ,52.835255 ,29.413416 ,25.314606 ,53.807663 ,28.410063 ,-2603.077148
78 ,575 ,690 ,72 ,163 ,1200 ,1034.845337 ,172.474228 ,603.659790 ,1031.323975 ,772.034790 ,593.902466 ,0.000000 ,53.607292 ,30.007318 ,25.800533 ,54.165825 ,29.003965 ,-2712.561523
79 ,575 ,690 ,72 ,163 ,1200 ,1207.319580 ,15.679475 ,611.499512 ,1031.323975 ,1066.811768 ,567.500000 ,0.000000 ,54.674103 ,30.574820 ,26.299442 ,54.519409 ,29.571465 ,-2826.783203
80 ,581 ,732 ,83 ,162 ,1200 ,1364.114380 ,-156.794754 ,603.659790 ,1031.323975 ,1361.588623 ,568.048767 ,0.000000 ,56.035690 ,31.142868 ,26.800108 ,54.856663 ,30.139515 ,-2897.938477
81 ,583 ,780 ,89 ,158 ,1200 ,1426.832275 ,-282.230560 ,572.300842 ,1031.323975 ,1530.032593 ,576.707336 ,0.000000 ,57.565723 ,31.719576 ,27.283134 ,55.163605 ,30.716221 ,-2916.361328
82 ,584 ,806 ,96 ,154 ,1200 ,1520.909058 ,-297.910034 ,611.499512 ,1031.323975 ,1628.291504 ,582.621948 ,0.000000 ,59.194016 ,32.302197 ,27.808355 ,55.476772 ,31.298843 ,-2963.590820
83 ,584 ,806 ,96 ,154 ,1200 ,1552.268066 ,-109.756325 ,721.255859 ,1031.323975 ,1487.921631 ,609.451233 ,0.000000 ,60.681938 ,32.911648 ,28.437229 ,55.829941 ,31.908295 ,-3014.169922
84 ,585 ,820 ,102 ,146 ,1200 ,1536.588501 ,62.717899 ,799.653198 ,1031.323975 ,1319.477661 ,646.524414 ,0.000000 ,62.001415 ,33.558174 ,29.143291 ,56.205338 ,32.554821 ,-3039.004883
85 ,581 ,858 ,95 ,146 ,1200 ,1301.396484 ,266.551086 ,783.973755 ,1031.323975 ,926.441772 ,681.890259 ,0.000000 ,62.927856 ,34.240063 ,29.841368 ,56.562134 ,33.236710 ,-3062.452148
86 ,589 ,888 ,112 ,144 ,1200 ,1066.204346 ,454.704773 ,760.454529 ,1031.323975 ,547.442871 ,706.097595 ,0.000000 ,63.475300 ,34.946159 ,30.521778 ,56.901741 ,33.942806 ,-3084.224609
87 ,589 ,888 ,112 ,144 ,1200 ,831.012207 ,611.499512 ,721.255859 ,1031.323975 ,196.517944 ,713.658569 ,0.000000 ,63.671818 ,35.659821 ,31.168217 ,57.221626 ,34.656467 ,-3154.422852
88 ,591 ,911 ,110 ,136 ,1200 ,799.653198 ,752.614807 ,776.134033 ,1031.323975 ,42.110989 ,704.573181 ,0.000000 ,63.713928 ,36.364391 ,31.864094 ,57.565342 ,35.361038 ,-3286.349609
89 ,587 ,941 ,104 ,133 ,1200 ,956.447998 ,783.973755 ,870.210876 ,1031.323975 ,154.406952 ,677.865845 ,0.000000 ,63.868336 ,37.042259 ,32.645355 ,57.948612 ,36.038906 ,-3439.091797
90 ,587 ,964 ,99 ,130 ,1200 ,1113.242676 ,517.422668 ,815.332703 ,1031.323975 ,533.405884 ,640.487793 ,0.000000 ,64.401741 ,37.682747 ,33.380661 ,58.300884 ,36.679394 ,-3619.731445
91 ,587 ,964 ,99 ,130 ,1200 ,1270.037476 ,313.589508 ,791.813477 ,1031.323975 ,856.256775 ,601.646362 ,0.000000 ,65.257996 ,38.284393 ,34.099789 ,58.632282 ,37.281040 ,-3795.968750
92 ,589 ,988 ,93 ,126 ,1200 ,1395.473267 ,141.115280 ,768.294250 ,1031.323975 ,1122.959717 ,580.060974 ,0.000000 ,66.380959 ,38.864452 ,34.803722 ,58.940102 ,37.861099 ,-3914.305664
93 ,588 ,1010 ,86 ,122 ,1200 ,1458.191162 ,-15.679475 ,721.255859 ,1031.323975 ,1319.477661 ,574.695129 ,0.000000 ,67.700439 ,39.439148 ,35.471035 ,59.213783 ,38.435795 ,-4017.042969
94 ,587 ,1057 ,80 ,117 ,1200 ,1473.870605 ,-125.435799 ,674.217407 ,1031.323975 ,1431.773560 ,597.865845 ,0.000000 ,69.132210 ,40.037014 ,36.101028 ,59.453949 ,39.033661 ,-4107.243164
95 ,583 ,1100 ,75 ,115 ,1200 ,1395.473267 ,-156.794754 ,619.339294 ,1031.323975 ,1389.662598 ,649.695129 ,0.000000 ,70.521873 ,40.686710 ,36.684921 ,59.660465 ,39.683357 ,-4141.361328
96 ,583 ,1100 ,75 ,115 ,1200 ,1144.601685 ,47.038425 ,595.820068 ,1031.323975 ,982.589722 ,702.804871 ,0.000000 ,71.504463 ,41.389515 ,37.249966 ,59.849476 ,40.386162 ,-4142.749023
97 ,576 ,1144 ,71 ,110 ,1200 ,909.409546 ,266.551086 ,587.980286 ,1031.323975 ,575.516846 ,736.158569 ,0.000000 ,72.079979 ,42.125675 ,37.809422 ,60.030392 ,41.122318 ,-4145.141602
98 ,568 ,1236 ,68 ,104 ,1200 ,768.294250 ,439.025299 ,603.659790 ,1031.323975 ,294.776917 ,747.682922 ,0.000000 ,72.374756 ,42.873356 ,38.384747 ,60.213173 ,41.870003 ,-4199.644531
99 ,564 ,1321 ,66 ,102 ,1200 ,674.217407 ,595.820068 ,635.018738 ,1031.323975 ,70.184982 ,745.243896 ,0.000000 ,72.444939 ,43.618599 ,38.990189 ,60.404709 ,42.615246 ,-4299.319336
100 ,564 ,1321 ,66 ,102 ,1200 ,799.653198 ,642.858459 ,721.255859 ,1031.323975 ,140.369965 ,734.390259 ,0.000000 ,72.585312 ,44.352989 ,39.678387 ,60.620571 ,43.349636 ,-4405.501953
101 ,553 ,1429 ,65 ,101 ,1200 ,956.447998 ,439.025299 ,697.736633 ,1031.323975 ,463.220886 ,716.768311 ,0.000000 ,73.048531 ,45.069759 ,40.345806 ,60.824005 ,44.066406 ,-4517.283203
102 ,548 ,1591 ,64 ,98 ,1200 ,1097.563232 ,235.192123 ,666.377686 ,1031.323975 ,772.034790 ,700.548767 ,0.000000 ,73.820564 ,45.770309 ,40.985790 ,61.009689 ,44.766953 ,-4606.526367
103 ,539 ,1709 ,64 ,91 ,1200 ,1222.999023 ,62.717899 ,642.858459 ,1031.323975 ,1038.737671 ,679.939026 ,0.000000 ,74.859306 ,46.450249 ,41.606335 ,61.177597 ,45.446892 ,-4683.854492
104 ,539 ,1709 ,64 ,91 ,1200 ,1348.434814 ,-78.397377 ,635.018738 ,1031.323975 ,1277.366699 ,665.731750 ,0.000000 ,76.136673 ,47.115978 ,42.222855 ,61.329754 ,46.112625 ,-4783.625000
105 ,541 ,1828 ,78 ,90 ,1200 ,1411.152710 ,-219.512650 ,595.820068 ,1031.323975 ,1459.847656 ,670.792725 ,0.000000 ,77.596519 ,47.786770 ,42.804768 ,61.457729 ,46.783417 ,-4847.793945
106 ,521 ,1969 ,61 ,83 ,1200 ,1426.832275 ,-250.871597 ,587.980286 ,1031.323975 ,1501.958618 ,696.951233 ,0.000000 ,79.098480 ,48.483723 ,43.382137 ,61.568932 ,47.480370 ,-4870.619141
107 ,512 ,2026 ,62 ,75 ,1200 ,1364.114380 ,-31.358950 ,666.377686 ,1031.323975 ,1249.292603 ,741.829285 ,0.000000 ,80.347771 ,49.225552 ,44.039082 ,61.680660 ,48.222198 ,-4905.072266
108 ,512 ,2026 ,62 ,75 ,1200 ,1097.563232 ,172.474228 ,635.018738 ,1031.323975 ,828.182800 ,795.670776 ,0.000000 ,81.175949 ,50.021221 ,44.666584 ,61.778072 ,49.017868 ,-4949.239258
109 ,498 ,2043 ,61 ,69 ,1200 ,846.691650 ,407.666351 ,627.179016 ,1031.323975 ,393.035889 ,834.939026 ,0.000000 ,81.568985 ,50.856163 ,45.286987 ,61.870029 ,49.852810 ,-4987.376953
110 ,492 ,2000 ,62 ,66 ,1200 ,689.896912 ,548.781616 ,619.339294 ,1031.323975 ,126.332962 ,847.621948 ,0.000000 ,81.695320 ,51.703785 ,45.899830 ,61.959484 ,50.700432 ,-5082.697266
111 ,484 ,1864 ,61 ,60 ,1200 ,517.422668 ,721.255859 ,619.339294 ,1031.323975 ,-182.480957 ,830.731750 ,0.000000 ,81.512840 ,52.534515 ,46.512386 ,62.050892 ,51.531162 ,-5277.596680
112 ,481 ,1744 ,61 ,56 ,1200 ,501.743195 ,658.537964 ,580.140564 ,1031.323975 ,-140.369965 ,800.182922 ,0.000000 ,81.372467 ,53.334698 ,47.085964 ,62.137920 ,52.331345 ,-5455.078125
113 ,481 ,1744 ,61 ,56 ,1200 ,736.935303 ,439.025299 ,587.980286 ,1031.323975 ,266.702942 ,753.475647 ,0.000000 ,81.639175 ,54.088173 ,47.667694 ,62.223415 ,53.084820 ,-5613.323242
114 ,472 ,1630 ,58 ,54 ,1200 ,956.447998 ,235.192123 ,595.820068 ,1031.323975 ,645.701843 ,697.134155 ,0.000000 ,82.284874 ,54.785309 ,48.258121 ,62.303402 ,53.781956 ,-5789.464844
115 ,456 ,1529 ,50 ,58 ,1200 ,1144.601685 ,47.038425 ,595.820068 ,1031.323975 ,982.589722 ,638.414673 ,0.000000 ,83.267464 ,55.423725 ,48.849834 ,62.373253 ,54.420368 ,-5940.197266
116 ,452 ,1443 ,60 ,59 ,1200 ,1317.075928 ,-109.756325 ,603.659790 ,1031.323975 ,1277.366699 ,606.219543 ,0.000000 ,84.544830 ,56.029942 ,49.450760 ,62.430641 ,55.026588 ,-6053.892578
117 ,452 ,1443 ,60 ,59 ,1200 ,1442.511719 ,-250.871597 ,595.820068 ,1031.323975 ,1515.995605 ,613.841492 ,0.000000 ,86.060829 ,56.643784 ,50.045170 ,62.471573 ,55.640430 ,-6107.342773
118 ,427 ,1383 ,59 ,59 ,1200 ,1473.870605 ,-282.230560 ,595.820068 ,1031.323975 ,1572.143555 ,637.378052 ,0.000000 ,87.632973 ,57.281162 ,50.640484 ,62.496181 ,56.277809 ,-6151.414062
119 ,400 ,1312 ,57 ,68 ,1200 ,1426.832275 ,-78.397377 ,674.217407 ,1031.323975 ,1347.551636 ,670.121948 ,0.000000 ,88.980522 ,57.951286 ,51.314594 ,62.508175 ,56.947929 ,-6206.730469
120 ,368 ,1268 ,57 ,75 ,1200 ,1191.640137 ,125.435799 ,658.537964 ,1031.323975 ,954.515747 ,698.048767 ,0.000000 ,89.935036 ,58.649334 ,51.973133 ,62.508923 ,57.645981 ,-6193.762695
121 ,368 ,1268 ,57 ,75 ,1200 ,972.127441 ,297.910034 ,635.018738 ,1031.323975 ,603.590820 ,722.560974 ,0.000000 ,90.538628 ,59.371895 ,52.608124 ,62.502953 ,58.368542 ,-6164.860352
122 ,335 ,1237 ,55 ,79 ,1200 ,736.935303 ,501.743195 ,619.339294 ,1031.323975 ,210.554947 ,726.402466 ,0.000000 ,90.749184 ,60.098297 ,53.227409 ,62.494854 ,59.094944 ,-6186.632812
123 ,305 ,1217 ,55 ,82 ,1200 ,705.576355 ,627.179016 ,666.377686 ,1031.323975 ,70.184982 ,716.585388 ,0.000000 ,90.819366 ,60.814880 ,53.893719 ,62.485325 ,59.811527 ,-6262.190430
124 ,291 ,1196 ,55 ,87 ,1200 ,846.691650 ,595.820068 ,721.255859 ,1031.323975 ,224.591934 ,703.658569 ,0.000000 ,91.043961 ,61.518539 ,54.614853 ,62.472183 ,60.515186 ,-6375.407227
125 ,276 ,1185 ,56 ,88 ,1200 ,956.447998 ,423.345825 ,689.896912 ,1031.323975 ,477.257874 ,692.073181 ,0.000000 ,91.521217 ,62.210613 ,55.304508 ,62.453869 ,61.207260 ,-6456.228516
126 ,276 ,1185 ,56 ,88 ,1200 ,1097.563232 ,235.192123 ,666.377686 ,1031.323975 ,772.034790 ,667.500000 ,0.000000 ,92.293251 ,62.878113 ,55.970352 ,62.427204 ,61.874760 ,-6526.043945
127 ,256 ,1169 ,56 ,83 ,1200 ,1207.319580 ,47.038425 ,627.179016 ,1031.323975 ,1038.737671 ,650.365845 ,0.000000 ,93.331993 ,63.528481 ,56.596470 ,62.390755 ,62.525127 ,-6612.511719
128 ,245 ,1158 ,54 ,81 ,1200 ,1285.716919 ,-94.076851 ,595.820068 ,1031.323975 ,1235.255615 ,659.329285 ,0.000000 ,94.567245 ,64.187813 ,57.190399 ,62.343307 ,63.184456 ,-6684.336914
129 ,230 ,1143 ,53 ,82 ,1200 ,1332.755371 ,-125.435799 ,603.659790 ,1006.297424 ,1305.440674 ,673.780518 ,0.000000 ,95.872688 ,64.861588 ,57.790890 ,62.281544 ,63.858234 ,-6762.430664
130 ,230 ,1143 ,53 ,82 ,1200 ,1285.716919 ,62.717899 ,674.217407 ,981.270874 ,1094.885742 ,703.292725 ,0.000000 ,96.967575 ,65.564880 ,58.460129 ,62.199757 ,64.561531 ,-6827.460938
131 ,210 ,1131 ,51 ,85 ,1200 ,1034.845337 ,250.871597 ,642.858459 ,956.244324 ,701.849792 ,745.975647 ,0.000000 ,97.669426 ,66.310860 ,59.097237 ,62.113960 ,65.307503 ,-6866.938477
132 ,193 ,1115 ,51 ,87 ,1200 ,783.973755 ,423.345825 ,603.659790 ,931.217773 ,322.850922 ,773.902466 ,0.000000 ,97.992271 ,67.084763 ,59.695034 ,62.030029 ,66.081406 ,-6972.307617
133 ,177 ,1094 ,48 ,85 ,1200 ,564.461121 ,595.820068 ,580.140564 ,906.191223 ,-28.073992 ,777.743896 ,0.000000 ,97.964203 ,67.862503 ,60.269577 ,61.949646 ,66.859154 ,-7132.179688
134 ,177 ,1094 ,48 ,85 ,1200 ,454.704773 ,674.217407 ,564.461121 ,881.164673 ,-196.517944 ,750.182922 ,0.000000 ,97.767685 ,68.612686 ,60.828861 ,61.873356 ,67.609337 ,-7315.546875
135 ,171 ,1090 ,54 ,90 ,1200 ,439.025299 ,721.255859 ,580.140564 ,856.138123 ,-252.665924 ,707.195129 ,0.000000 ,97.515015 ,69.319885 ,61.404018 ,61.797482 ,68.316528 ,-7523.844727
136 ,149 ,1089 ,48 ,94 ,1200 ,674.217407 ,674.217407 ,674.217407 ,831.111572 ,0.000000 ,650.182922 ,0.000000 ,97.515015 ,69.970062 ,62.072445 ,61.709305 ,68.966713 ,-7705.680664
137 ,140 ,1071 ,45 ,93 ,1200 ,925.089050 ,454.704773 ,689.896912 ,806.085022 ,421.109894 ,585.731750 ,0.000000 ,97.936127 ,70.555794 ,62.755733 ,61.614052 ,69.552444 ,-7863.590820
138 ,131 ,1039 ,45 ,91 ,1200 ,1097.563232 ,250.871597 ,674.217407 ,781.058472 ,757.997803 ,533.048767 ,0.000000 ,98.694122 ,71.088844 ,63.422203 ,61.512135 ,70.085495 ,-7943.550781
139 ,131 ,1039 ,45 ,91 ,1200 ,1254.358032 ,62.717899 ,658.537964 ,756.031921 ,1066.811768 ,504.695129 ,0.000000 ,99.760933 ,71.593544 ,64.071205 ,61.400490 ,70.590187 ,-7926.611328
140 ,123 ,1007 ,45 ,94 ,1200 ,1348.434814 ,-78.397377 ,635.018738 ,731.005371 ,1277.366699 ,506.097565 ,0.000000 ,101.038300 ,72.099640 ,64.694481 ,61.278904 ,71.096283 ,-7910.054688
141 ,117 ,958 ,42 ,95 ,1200 ,1270.037476 ,-141.115280 ,564.461121 ,705.978821 ,1263.329712 ,533.170715 ,0.000000 ,102.301636 ,72.632812 ,65.245979 ,61.158642 ,71.629456 ,-7912.064453
142 ,111 ,923 ,41 ,93 ,1200 ,1019.165894 ,47.038425 ,533.102173 ,680.952271 ,870.293762 ,563.841492 ,0.000000 ,103.171928 ,73.196648 ,65.765060 ,61.037163 ,72.193298 ,-7907.470703
143 ,111 ,923 ,41 ,93 ,1200 ,783.973755 ,219.512650 ,501.743195 ,655.925720 ,505.331848 ,591.646362 ,0.000000 ,103.677261 ,73.788300 ,66.252571 ,60.918526 ,72.784943 ,-7848.374023
144 ,101 ,902 ,39 ,96 ,1200 ,580.140564 ,407.666351 ,493.903473 ,630.899170 ,154.406952 ,607.378052 ,0.000000 ,103.831665 ,74.395676 ,66.732155 ,60.800446 ,73.392319 ,-7760.757812
145 ,90 ,885 ,31 ,105 ,1200 ,439.025299 ,533.102173 ,486.063721 ,605.872620 ,-84.221977 ,597.378052 ,0.000000 ,103.747444 ,74.993057 ,67.204292 ,60.684937 ,73.989700 ,-7751.953125
146 ,96 ,867 ,39 ,107 ,1200 ,250.871597 ,674.217407 ,462.544525 ,580.846069 ,-378.998901 ,585.426819 ,0.000000 ,103.368446 ,75.578484 ,67.654305 ,60.577991 ,74.575127 ,-7822.390625
147 ,96 ,867 ,39 ,107 ,1200 ,109.756325 ,768.294250 ,439.025299 ,555.819519 ,-589.553833 ,575.670715 ,0.000000 ,102.778893 ,76.154152 ,68.082458 ,60.480885 ,75.150795 ,-7889.957031
148 ,87 ,851 ,37 ,108 ,1200 ,0.000000 ,878.050598 ,439.025299 ,530.792969 ,-786.071777 ,548.719543 ,0.000000 ,101.992821 ,76.702873 ,68.511894 ,60.389660 ,75.699516 ,-7963.169922
149 ,85 ,841 ,37 ,113 ,1200 ,0.000000 ,940.768494 ,470.384247 ,505.766388 ,-842.219788 ,518.597595 ,0.000000 ,101.150597 ,77.221466 ,68.973404 ,60.298691 ,76.218117 ,-8049.876953
150 ,82 ,826 ,36 ,118 ,1200 ,235.192123 ,1034.845337 ,635.018738 ,480.739807 ,-715.886780 ,471.097565 ,0.000000 ,100.434715 ,77.692566 ,69.597916 ,60.183681 ,76.689209 ,-8113.184570
151 ,82 ,826 ,36 ,118 ,1200 ,501.743195 ,987.806946 ,744.775085 ,455.713226 ,-435.146881 ,412.439026 ,0.000000 ,99.999565 ,78.105003 ,70.331383 ,60.054356 ,77.101654 ,-8189.172852
152 ,80 ,821 ,35 ,121 ,1200 ,721.255859 ,736.935303 ,729.095581 ,430.686646 ,-14.036996 ,350.609772 ,0.000000 ,99.985527 ,78.455612 ,71.049431 ,59.927933 ,77.452263 ,-8281.191406
153 ,82 ,814 ,35 ,125 ,1200 ,893.730103 ,501.743195 ,697.736633 ,405.660065 ,350.924896 ,287.926849 ,0.000000 ,100.336456 ,78.743546 ,71.735847 ,59.802738 ,77.740189 ,-8380.674805
154 ,85 ,817 ,35 ,134 ,1200 ,1066.204346 ,250.871597 ,658.537964 ,380.633484 ,729.923828 ,243.414642 ,0.000000 ,101.066376 ,78.986954 ,72.382141 ,59.676334 ,77.983604 ,-8503.079102
155 ,90 ,816 ,37 ,144 ,1200 ,1160.281128 ,47.038425 ,603.659790 ,355.606903 ,996.626709 ,229.939026 ,0.000000 ,102.063004 ,79.216896 ,72.972466 ,59.550179 ,78.213539 ,-8617.348633
156 ,90 ,816 ,37 ,144 ,1200 ,1097.563232 ,15.679475 ,556.621338 ,330.580322 ,968.552734 ,238.963425 ,0.000000 ,103.031555 ,79.455856 ,73.514755 ,59.424667 ,78.452507 ,-8700.801758
157 ,94 ,798 ,35 ,142 ,1200 ,878.050598 ,219.512650 ,548.781616 ,305.553741 ,589.553833 ,275.000000 ,0.000000 ,103.621109 ,79.730858 ,74.048103 ,59.295429 ,78.727509 ,-8784.589844
158 ,100 ,790 ,34 ,151 ,1200 ,627.179016 ,360.627930 ,493.903473 ,280.527161 ,238.628937 ,321.341461 ,0.000000 ,103.859741 ,80.052200 ,74.527626 ,59.177116 ,79.048843 ,-8789.327148
159 ,108 ,782 ,32 ,161 ,1200 ,423.345825 ,564.461121 ,493.903473 ,255.500595 ,-126.332962 ,361.646362 ,0.000000 ,103.733406 ,80.413849 ,75.007408 ,59.059860 ,79.410492 ,-8724.823242
160 ,108 ,782 ,32 ,161 ,1200 ,282.230560 ,705.576355 ,493.903473 ,230.474030 ,-378.998901 ,351.890259 ,0.000000 ,103.354408 ,80.765739 ,75.487953 ,58.945782 ,79.762383 ,-8772.291992
161 ,123 ,772 ,32 ,167 ,1200 ,156.794754 ,815.332703 ,486.063721 ,205.447464 ,-589.553833 ,319.390259 ,0.000000 ,102.764854 ,81.085129 ,75.962006 ,58.838387 ,80.081772 ,-8914.985352
162 ,129 ,764 ,30 ,178 ,1200 ,156.794754 ,909.409546 ,533.102173 ,180.420898 ,-673.775818 ,294.573181 ,0.000000 ,102.091080 ,81.379700 ,76.483284 ,58.726719 ,80.376350 ,-9024.374023
163 ,134 ,757 ,30 ,178 ,1200 ,344.948456 ,956.447998 ,650.698242 ,155.394333 ,-547.442871 ,246.951218 ,0.000000 ,101.543633 ,81.626656 ,77.120819 ,58.596504 ,80.623299 ,-9049.208984
164 ,134 ,757 ,30 ,178 ,1200 ,580.140564 ,925.089050 ,752.614807 ,130.367767 ,-308.813904 ,197.865860 ,0.000000 ,101.234818 ,81.824516 ,77.859009 ,58.449875 ,80.821167 ,-8987.241211
165 ,159 ,759 ,44 ,188 ,1200 ,768.294250 ,689.896912 ,729.095581 ,105.341194 ,70.184982 ,150.609756 ,0.000000 ,101.305008 ,81.975128 ,78.573959 ,58.306946 ,80.971771 ,-8920.009766
166 ,144 ,761 ,30 ,192 ,1200 ,940.768494 ,470.384247 ,705.576355 ,80.314621 ,421.109894 ,112.865860 ,0.000000 ,101.726120 ,82.087990 ,79.264809 ,58.163551 ,81.084641 ,-8938.863281
167 ,151 ,758 ,32 ,192 ,1200 ,1034.845337 ,297.910034 ,666.377686 ,55.288048 ,659.738831 ,100.975609 ,0.000000 ,102.385857 ,82.188972 ,79.915680 ,58.020615 ,81.185616 ,-8997.194336
168 ,151 ,758 ,32 ,192 ,1200 ,940.768494 ,219.512650 ,580.140564 ,30.261477 ,645.701843 ,111.585365 ,0.000000 ,103.031555 ,82.300552 ,80.480881 ,57.889801 ,81.297203 ,-9025.235352
169 ,155 ,751 ,32 ,195 ,1200 ,689.896912 ,376.307404 ,533.102173 ,5.234905 ,280.739929 ,147.560974 ,0.000000 ,103.312294 ,82.448112 ,80.999657 ,57.767052 ,81.444763 ,-9033.992188
170 ,162 ,748 ,32 ,204 ,1200 ,423.345825 ,548.781616 ,486.063721 ,0.000000 ,-112.295967 ,194.146347 ,0.000000 ,103.200005 ,82.642265 ,81.472878 ,57.656055 ,81.638908 ,-9028.297852
171 ,169 ,741 ,33 ,211 ,1200 ,219.512650 ,705.576355 ,462.544525 ,0.000000 ,-435.146881 ,228.231720 ,0.000000 ,102.764854 ,82.870491 ,81.923988 ,57.553860 ,81.867142 ,-9015.042969
172 ,175 ,735 ,32 ,215 ,1200 ,94.076851 ,846.691650 ,470.384247 ,0.000000 ,-673.775818 ,220.914642 ,0.000000 ,102.091080 ,83.091408 ,82.383942 ,57.455330 ,82.088051 ,-9087.538086
173 ,175 ,735 ,32 ,215 ,1200 ,47.038425 ,893.730103 ,470.384247 ,0.000000 ,-757.997803 ,193.109756 ,0.000000 ,101.333084 ,83.284515 ,82.845154 ,57.362892 ,82.281166 ,-9238.126953
174 ,177 ,731 ,30 ,216 ,1200 ,235.192123 ,846.691650 ,540.941895 ,0.000000 ,-547.442871 ,152.682938 ,0.000000 ,100.785637 ,83.437202 ,83.376541 ,57.261662 ,82.433846 ,-9356.224609
175 ,169 ,735 ,21 ,221 ,1200 ,454.704773 ,595.820068 ,525.262390 ,0.000000 ,-126.332962 ,96.768295 ,0.000000 ,100.659302 ,83.533966 ,83.892738 ,57.164505 ,82.530617 ,-9471.786133
176 ,186 ,736 ,32 ,227 ,1200 ,627.179016 ,360.627930 ,493.903473 ,0.000000 ,238.628937 ,49.146343 ,0.000000 ,100.897934 ,83.583115 ,84.377731 ,57.071129 ,82.579765 ,-9569.690430
177 ,186 ,736 ,32 ,227 ,1200 ,831.012207 ,156.794754 ,493.903473 ,0.000000 ,603.590820 ,15.182927 ,0.000000 ,101.501526 ,83.598297 ,84.861717 ,56.972649 ,82.594948 ,-9615.675781
178 ,188 ,735 ,32 ,223 ,1200 ,956.447998 ,31.358950 ,493.903473 ,0.000000 ,828.182800 ,5.853659 ,0.000000 ,102.329704 ,83.604149 ,85.344231 ,56.867180 ,82.600800 ,-9624.624023
179 ,192 ,744 ,34 ,228 ,1200 ,1003.486389 ,-125.435799 ,439.025299 ,0.000000 ,1010.663696 ,21.707317 ,0.000000 ,103.340370 ,83.625862 ,85.771408 ,56.765881 ,82.622505 ,-9592.850586
180 ,192 ,736 ,33 ,227 ,1200 ,972.127441 ,-94.076851 ,439.025299 ,0.000000 ,954.515747 ,46.158539 ,0.000000 ,104.294884 ,83.672020 ,86.196838 ,56.657482 ,82.668663 ,-9548.013672
181 ,192 ,736 ,33 ,227 ,1200 ,689.896912 ,78.397377 ,384.147125 ,0.000000 ,547.442871 ,95.548782 ,0.000000 ,104.842331 ,83.767563 ,86.568169 ,56.559078 ,82.764214 ,-9469.680664
182 ,196 ,730 ,30 ,228 ,1200 ,439.025299 ,282.230560 ,360.627930 ,0.000000 ,140.369965 ,147.378052 ,0.000000 ,104.982697 ,83.914948 ,86.916542 ,56.465847 ,82.911591 ,-9363.354492
183 ,200 ,726 ,32 ,231 ,1200 ,235.192123 ,501.743195 ,368.467651 ,0.000000 ,-238.628937 ,189.939026 ,0.000000 ,104.744072 ,84.104881 ,87.272873 ,56.372070 ,83.101532 ,-9301.386719
184 ,205 ,723 ,30 ,246 ,1200 ,78.397377 ,674.217407 ,376.307404 ,0.000000 ,-533.405884 ,216.402451 ,0.000000 ,104.210663 ,84.321289 ,87.637665 ,56.279690 ,83.317932 ,-9265.306641
185 ,209 ,719 ,32 ,247 ,1200 ,-62.717899 ,815.332703 ,376.307404 ,0.000000 ,-786.071777 ,213.658539 ,0.000000 ,103.424591 ,84.534943 ,88.003693 ,56.192326 ,83.531593 ,-9280.044922
186 ,209 ,719 ,32 ,247 ,1200 ,-109.756325 ,925.089050 ,407.666351 ,0.000000 ,-926.441772 ,192.256104 ,0.000000 ,102.498154 ,84.727203 ,88.401695 ,56.104103 ,83.723846 ,-9351.056641
187 ,209 ,709 ,32 ,245 ,1200 ,94.076851 ,831.012207 ,462.544525 ,0.000000 ,-659.738831 ,154.146347 ,0.000000 ,101.838409 ,84.881348 ,88.854401 ,56.009212 ,83.877991 ,-9439.534180
188 ,212 ,705 ,32 ,244 ,1200 ,282.230560 ,611.499512 ,446.865051 ,0.000000 ,-294.776917 ,114.695122 ,0.000000 ,101.543633 ,84.996040 ,89.292229 ,55.919788 ,83.992691 ,-9542.845703

