Time[ms], WallSen FL, WallSen L, WallSen R, WallSen FR, Machine V, Mot V L, Mot V R, Mot V LR, Machine Angular, Mot Angular, IMU Angular Z, Machine Angle, Mot Angle, IMU Angle, Mot Distance X, Mot Distance Y, IMU Global Angle
0 ,24 ,562 ,229 ,11 ,1600 ,1552.268066 ,1505.229614 ,1528.748779 ,0.000000 ,42.110989 ,51.219513 ,0.000000 ,0.000000 ,0.000000 ,0.000000 ,0.000000 ,0.641281
1 ,24 ,562 ,229 ,11 ,1600 ,1583.626953 ,1520.909058 ,1552.268066 ,49.315052 ,56.147984 ,51.097561 ,0.000000 ,0.056148 ,0.051098 ,0.001521 ,1.552267 ,0.692378
2 ,23 ,558 ,229 ,9 ,1600 ,1552.268066 ,1505.229614 ,1528.748779 ,98.630104 ,42.110989 ,50.914635 ,0.000000 ,0.098259 ,0.102012 ,0.004143 ,3.081014 ,0.743293
3 ,21 ,556 ,228 ,11 ,1600 ,1567.947510 ,1505.229614 ,1536.588501 ,147.945160 ,56.147984 ,50.975613 ,0.000000 ,0.154407 ,0.152988 ,0.008284 ,4.617597 ,0.794268
4 ,26 ,555 ,232 ,12 ,1600 ,1583.626953 ,1489.550171 ,1536.588501 ,197.260208 ,84.221977 ,50.304878 ,0.000000 ,0.238629 ,0.203293 ,0.014684 ,6.154172 ,0.844573
5 ,22 ,555 ,231 ,10 ,1600 ,1599.306396 ,1473.870605 ,1536.588501 ,246.575256 ,112.295967 ,49.695122 ,0.000000 ,0.350925 ,0.252988 ,0.024095 ,7.690732 ,0.894268
6 ,22 ,555 ,231 ,10 ,1600 ,1630.665405 ,1458.191162 ,1544.428345 ,295.890320 ,154.406952 ,50.121952 ,0.000000 ,0.505332 ,0.303110 ,0.037716 ,9.235101 ,0.944390
7 ,25 ,553 ,235 ,11 ,1600 ,1630.665405 ,1395.473267 ,1513.069336 ,345.205383 ,210.554947 ,49.939026 ,0.000000 ,0.715887 ,0.353049 ,0.056621 ,10.748052 ,0.994329
8 ,25 ,553 ,234 ,13 ,1600 ,1677.703857 ,1379.793823 ,1528.748779 ,394.520447 ,266.702942 ,49.756100 ,0.000000 ,0.982590 ,0.402805 ,0.082837 ,12.276576 ,1.044086
9 ,24 ,549 ,237 ,11 ,1600 ,1724.742310 ,1364.114380 ,1544.428345 ,443.835510 ,322.850922 ,53.597561 ,0.000000 ,1.305441 ,0.456402 ,0.118022 ,13.820603 ,1.097683
10 ,24 ,549 ,237 ,11 ,1600 ,1756.101196 ,1348.434814 ,1552.268066 ,493.150574 ,364.961914 ,65.487808 ,0.000000 ,1.670403 ,0.521890 ,0.163271 ,15.372211 ,1.163171
11 ,24 ,544 ,243 ,10 ,1600 ,1771.780640 ,1285.716919 ,1528.748779 ,542.465637 ,435.146881 ,88.780487 ,0.000000 ,2.105550 ,0.610671 ,0.219438 ,16.899929 ,1.251951
12 ,23 ,543 ,245 ,11 ,1600 ,1787.460205 ,1238.678589 ,1513.069336 ,591.780701 ,491.294861 ,113.597565 ,0.000000 ,2.596844 ,0.724268 ,0.287992 ,18.411444 ,1.365549
13 ,23 ,551 ,252 ,16 ,1600 ,1834.498535 ,1207.319580 ,1520.909058 ,641.095764 ,561.479858 ,142.682938 ,0.000000 ,3.158324 ,0.866951 ,0.371787 ,19.930042 ,1.508232
14 ,23 ,546 ,254 ,11 ,1600 ,1865.857544 ,1160.281128 ,1513.069336 ,690.410828 ,631.664856 ,165.670731 ,0.000000 ,3.789989 ,1.032622 ,0.471800 ,21.439804 ,1.673903
15 ,23 ,546 ,254 ,11 ,1600 ,1944.254883 ,1144.601685 ,1544.428345 ,739.725891 ,715.886780 ,186.585373 ,0.000000 ,4.505876 ,1.219207 ,0.593132 ,22.979458 ,1.860488
16 ,24 ,552 ,259 ,12 ,1600 ,2022.652222 ,1097.563232 ,1560.107788 ,789.040955 ,828.182800 ,198.231705 ,0.000000 ,5.334059 ,1.417439 ,0.738164 ,24.532810 ,2.058720
17 ,25 ,561 ,264 ,12 ,1600 ,2069.690674 ,1050.524780 ,1560.107788 ,838.356018 ,912.404724 ,210.670731 ,0.000000 ,6.246464 ,1.628110 ,0.907912 ,26.083656 ,2.269390
18 ,26 ,565 ,266 ,16 ,1600 ,2085.370117 ,972.127441 ,1528.748779 ,887.671082 ,996.626709 ,233.048782 ,0.000000 ,7.243090 ,1.861159 ,1.100656 ,27.600206 ,2.502439
19 ,25 ,545 ,264 ,12 ,1600 ,2116.729248 ,956.447998 ,1536.588501 ,936.986145 ,1038.737671 ,266.768311 ,0.000000 ,8.281828 ,2.127927 ,1.321989 ,29.120770 ,2.769207
20 ,25 ,545 ,264 ,12 ,1600 ,2163.767578 ,956.447998 ,1560.107788 ,986.301208 ,1080.848755 ,315.853668 ,0.000000 ,9.362677 ,2.443781 ,1.575793 ,30.660095 ,3.085061
21 ,24 ,515 ,266 ,12 ,1600 ,2179.447021 ,956.447998 ,1567.947510 ,1035.616211 ,1094.885742 ,367.500000 ,0.000000 ,10.457562 ,2.811281 ,1.860387 ,32.202000 ,3.452561
22 ,23 ,481 ,267 ,13 ,1600 ,2195.126465 ,909.409546 ,1552.268066 ,1084.931274 ,1151.033691 ,419.634155 ,0.000000 ,11.608597 ,3.230915 ,2.172742 ,33.722515 ,3.872195
23 ,21 ,444 ,272 ,17 ,1600 ,2179.447021 ,878.050598 ,1528.748779 ,1134.246338 ,1165.070679 ,470.670746 ,0.000000 ,12.773667 ,3.701586 ,2.510748 ,35.213428 ,4.342866
24 ,24 ,415 ,281 ,14 ,1600 ,2195.126465 ,862.371155 ,1528.748779 ,1183.561401 ,1193.144653 ,522.560974 ,0.000000 ,13.966812 ,4.224147 ,2.879727 ,36.696980 ,4.865427
25 ,24 ,415 ,281 ,14 ,1600 ,2226.485352 ,862.371155 ,1544.428345 ,1232.876465 ,1221.218628 ,567.256104 ,0.000000 ,15.188030 ,4.791403 ,3.284348 ,38.187466 ,5.432683
26 ,24 ,398 ,293 ,13 ,1600 ,2273.523926 ,799.653198 ,1536.588501 ,1282.191528 ,1319.477661 ,605.670715 ,0.000000 ,16.507509 ,5.397073 ,3.720956 ,39.660721 ,6.038354
27 ,22 ,379 ,302 ,13 ,1600 ,2336.241699 ,768.294250 ,1552.268066 ,1331.506592 ,1403.699585 ,635.609741 ,0.000000 ,17.911207 ,6.032683 ,4.198345 ,41.137756 ,6.673964
28 ,23 ,355 ,311 ,12 ,1600 ,2351.921143 ,721.255859 ,1536.588501 ,1380.821655 ,1459.847656 ,661.768311 ,0.000000 ,19.371056 ,6.694452 ,4.708007 ,42.587357 ,7.335732
29 ,22 ,331 ,323 ,9 ,1600 ,2367.600830 ,642.858459 ,1505.229614 ,1430.136719 ,1544.069580 ,690.487793 ,0.000000 ,20.915125 ,7.384940 ,5.245351 ,43.993408 ,8.026220
30 ,22 ,331 ,323 ,9 ,1600 ,2398.959717 ,611.499512 ,1505.229614 ,1479.451782 ,1600.217529 ,727.195129 ,0.000000 ,22.515343 ,8.112135 ,5.821750 ,45.383904 ,8.753415
31 ,19 ,308 ,339 ,9 ,1600 ,2398.959717 ,595.820068 ,1497.389893 ,1489.690308 ,1614.254517 ,770.121948 ,0.000000 ,24.129597 ,8.882257 ,6.433886 ,46.750458 ,9.523537
32 ,19 ,291 ,354 ,16 ,1600 ,2445.998047 ,595.820068 ,1520.909058 ,1489.690308 ,1656.365601 ,814.329285 ,0.000000 ,25.785963 ,9.696586 ,7.095498 ,48.119923 ,10.337867
33 ,18 ,266 ,366 ,16 ,1600 ,2524.395508 ,595.820068 ,1560.107788 ,1489.690308 ,1726.550537 ,851.524414 ,0.000000 ,27.512514 ,10.548110 ,7.816177 ,49.503597 ,11.189391
34 ,18 ,241 ,378 ,9 ,1600 ,2587.113281 ,580.140564 ,1583.626953 ,1489.690308 ,1796.735474 ,882.012207 ,0.000000 ,29.309250 ,11.430122 ,8.591399 ,50.884506 ,12.071404
35 ,18 ,241 ,378 ,9 ,1600 ,2618.472412 ,564.461121 ,1591.466675 ,1489.690308 ,1838.846558 ,903.109802 ,0.000000 ,31.148096 ,12.333233 ,9.414589 ,52.246536 ,12.974513
36 ,17 ,219 ,388 ,11 ,1600 ,2649.831299 ,501.743195 ,1575.787231 ,1489.690308 ,1923.068481 ,917.682922 ,0.000000 ,33.071163 ,13.250916 ,10.274465 ,53.567036 ,13.892196
37 ,16 ,197 ,402 ,13 ,1600 ,2587.113281 ,423.345825 ,1505.229614 ,1489.690308 ,1937.105469 ,931.219543 ,0.000000 ,35.008270 ,14.182135 ,11.138007 ,54.799923 ,14.823416
38 ,17 ,175 ,408 ,9 ,1600 ,2571.433838 ,391.986877 ,1481.710449 ,1489.690308 ,1951.142456 ,954.878052 ,0.000000 ,36.959412 ,15.137013 ,12.028884 ,55.983902 ,15.778294
39 ,20 ,156 ,415 ,5 ,1600 ,2540.074951 ,376.307404 ,1458.191162 ,1489.690308 ,1937.105469 ,992.378052 ,0.000000 ,38.896519 ,16.129391 ,12.944506 ,57.118782 ,16.770672
40 ,20 ,156 ,415 ,5 ,1600 ,2524.395508 ,423.345825 ,1473.870605 ,1489.690308 ,1880.957520 ,1034.512207 ,0.000000 ,40.777477 ,17.163904 ,13.907125 ,58.234875 ,17.805183
41 ,26 ,136 ,424 ,5 ,1600 ,2555.754395 ,470.384247 ,1513.069336 ,1489.690308 ,1866.920532 ,1079.695190 ,0.000000 ,42.644398 ,18.243599 ,14.932147 ,59.347847 ,18.884880
42 ,30 ,123 ,434 ,8 ,1600 ,2587.113281 ,533.102173 ,1560.107788 ,1489.690308 ,1838.846558 ,1118.353638 ,0.000000 ,44.483242 ,19.361952 ,16.025316 ,60.460915 ,20.003233
43 ,29 ,105 ,444 ,10 ,1600 ,2602.792969 ,564.461121 ,1583.626953 ,1489.690308 ,1824.809448 ,1143.170776 ,0.000000 ,46.308052 ,20.505123 ,17.170380 ,61.554855 ,21.146404
44 ,29 ,105 ,444 ,10 ,1600 ,2602.792969 ,548.781616 ,1575.787231 ,1489.690308 ,1838.846558 ,1156.463501 ,0.000000 ,48.146900 ,21.661587 ,18.344118 ,62.606255 ,22.302868
45 ,25 ,88 ,460 ,12 ,1600 ,2540.074951 ,548.781616 ,1544.428345 ,1489.690308 ,1782.698486 ,1162.743896 ,0.000000 ,49.929596 ,22.824331 ,19.525997 ,63.600449 ,23.465611
46 ,24 ,75 ,472 ,12 ,1600 ,2493.036621 ,517.422668 ,1505.229614 ,1489.690308 ,1768.661499 ,1176.219482 ,0.000000 ,51.698261 ,24.000549 ,20.707237 ,64.533394 ,24.641830
47 ,22 ,63 ,488 ,17 ,1600 ,2430.318604 ,533.102173 ,1481.710449 ,1489.690308 ,1698.476562 ,1197.621948 ,0.000000 ,53.396736 ,25.198172 ,21.896730 ,65.416893 ,25.839453
48 ,24 ,54 ,506 ,19 ,1600 ,2367.600830 ,564.461121 ,1466.030884 ,1489.690308 ,1614.254517 ,1228.658569 ,0.000000 ,55.010990 ,26.426830 ,23.097794 ,66.257545 ,27.068111
49 ,24 ,54 ,506 ,19 ,1600 ,2351.921143 ,627.179016 ,1489.550171 ,1489.690308 ,1544.069580 ,1271.524414 ,0.000000 ,56.555061 ,27.698355 ,24.340698 ,67.078491 ,28.339636
50 ,21 ,42 ,536 ,18 ,1600 ,2336.241699 ,674.217407 ,1505.229614 ,1489.690308 ,1487.921631 ,1309.756104 ,0.000000 ,58.042980 ,29.008112 ,25.617804 ,67.875183 ,29.649391
51 ,18 ,28 ,575 ,20 ,1600 ,2336.241699 ,736.935303 ,1536.588501 ,1489.690308 ,1431.773560 ,1331.402466 ,0.000000 ,59.474754 ,30.339514 ,26.941429 ,68.655640 ,30.980795
52 ,16 ,23 ,625 ,34 ,1600 ,2336.241699 ,752.614807 ,1544.428345 ,1489.690308 ,1417.736572 ,1336.036621 ,0.000000 ,60.892494 ,31.675550 ,28.290810 ,69.406929 ,32.316830
53 ,16 ,23 ,625 ,34 ,1600 ,2336.241699 ,768.294250 ,1552.268066 ,1489.690308 ,1403.699585 ,1329.207397 ,0.000000 ,62.296192 ,33.004757 ,29.665131 ,70.128578 ,33.646038
54 ,21 ,23 ,714 ,70 ,1600 ,2304.882812 ,752.614807 ,1528.748779 ,1489.690308 ,1389.662598 ,1328.963501 ,0.000000 ,63.685856 ,34.333721 ,31.035465 ,70.806259 ,34.975002
55 ,18 ,15 ,775 ,129 ,1600 ,2273.523926 ,721.255859 ,1497.389893 ,1489.690308 ,1389.662598 ,1329.390259 ,0.000000 ,65.075516 ,35.663113 ,32.393394 ,71.437294 ,36.304394
56 ,19 ,15 ,804 ,293 ,1600 ,2257.844482 ,752.614807 ,1505.229614 ,1489.690308 ,1347.551636 ,1333.902466 ,0.000000 ,66.423073 ,36.997013 ,33.772972 ,72.039360 ,37.638294
57 ,23 ,12 ,794 ,420 ,1600 ,2273.523926 ,783.973755 ,1528.748779 ,1489.690308 ,1333.514648 ,1335.975586 ,0.000000 ,67.756584 ,38.332989 ,35.187958 ,72.618057 ,38.974270
58 ,23 ,12 ,794 ,420 ,1600 ,2257.844482 ,815.332703 ,1536.588501 ,1489.690308 ,1291.403687 ,1332.073242 ,0.000000 ,69.047989 ,39.665062 ,36.622948 ,73.167519 ,40.306343
59 ,30 ,12 ,734 ,521 ,1600 ,2273.523926 ,831.012207 ,1552.268066 ,1489.690308 ,1291.403687 ,1334.390259 ,0.000000 ,70.339394 ,40.999454 ,38.084724 ,73.689774 ,41.640736
60 ,31 ,13 ,687 ,608 ,1600 ,2273.523926 ,815.332703 ,1544.428345 ,1489.690308 ,1305.440674 ,1338.353638 ,0.000000 ,71.644829 ,42.337807 ,39.550575 ,74.176125 ,42.979088
61 ,31 ,13 ,652 ,632 ,1600 ,2242.165039 ,799.653198 ,1520.909058 ,1489.690308 ,1291.403687 ,1339.817139 ,0.000000 ,72.936234 ,43.677624 ,41.004532 ,74.622414 ,44.318905
62 ,31 ,13 ,652 ,632 ,1600 ,2257.844482 ,799.653198 ,1528.748779 ,1489.690308 ,1305.440674 ,1341.097534 ,0.000000 ,74.241676 ,45.018723 ,42.475822 ,75.037590 ,45.660004
63 ,36 ,17 ,629 ,645 ,1600 ,2273.523926 ,831.012207 ,1552.268066 ,1489.690308 ,1291.403687 ,1336.341553 ,0.000000 ,75.533081 ,46.355064 ,43.978874 ,75.425385 ,46.996346
64 ,29 ,20 ,620 ,651 ,1600 ,2257.844482 ,831.012207 ,1544.428345 ,1489.690308 ,1277.366699 ,1335.609741 ,0.000000 ,76.810448 ,47.690674 ,45.482559 ,75.777779 ,48.331955
65 ,27 ,18 ,611 ,662 ,1600 ,2257.844482 ,799.653198 ,1528.748779 ,1489.690308 ,1305.440674 ,1332.926880 ,0.000000 ,78.115891 ,49.023602 ,46.978542 ,76.092598 ,49.664883
66 ,23 ,19 ,610 ,674 ,1600 ,2226.485352 ,815.332703 ,1520.909058 ,1489.690308 ,1263.329712 ,1329.451294 ,0.000000 ,79.379219 ,50.353050 ,48.473396 ,76.372917 ,50.994331
67 ,23 ,19 ,610 ,674 ,1600 ,2273.523926 ,831.012207 ,1552.268066 ,1489.690308 ,1291.403687 ,1326.585449 ,0.000000 ,80.670624 ,51.679638 ,50.005131 ,76.624550 ,52.320919
68 ,22 ,19 ,606 ,692 ,1600 ,2289.203369 ,831.012207 ,1560.107788 ,1489.690308 ,1305.440674 ,1323.841553 ,0.000000 ,81.976059 ,53.003479 ,51.549965 ,76.842323 ,53.644760
69 ,21 ,20 ,606 ,722 ,1600 ,2257.844482 ,799.653198 ,1528.748779 ,1489.690308 ,1305.440674 ,1321.951294 ,0.000000 ,83.281502 ,54.325432 ,53.068214 ,77.021172 ,54.966713
70 ,18 ,17 ,598 ,738 ,1600 ,2226.485352 ,815.332703 ,1520.909058 ,1489.690308 ,1263.329712 ,1319.207397 ,0.000000 ,84.544830 ,55.644638 ,54.582237 ,77.165764 ,56.285919
71 ,18 ,17 ,598 ,738 ,1600 ,2210.805908 ,799.653198 ,1505.229614 ,1489.690308 ,1263.329712 ,1319.878052 ,0.000000 ,85.808159 ,56.964516 ,56.083439 ,77.275787 ,57.605797
72 ,16 ,21 ,593 ,758 ,1600 ,2163.767578 ,799.653198 ,1481.710449 ,1489.690308 ,1221.218628 ,1321.036621 ,0.000000 ,87.029381 ,58.285553 ,57.563160 ,77.352577 ,58.926834
73 ,14 ,28 ,588 ,784 ,1600 ,2132.408691 ,831.012207 ,1481.710449 ,1489.690308 ,1165.070679 ,1326.219482 ,0.000000 ,88.194450 ,59.611771 ,59.044132 ,77.399261 ,60.253052
74 ,18 ,33 ,583 ,805 ,1600 ,2132.408691 ,831.012207 ,1481.710449 ,1489.690308 ,1165.070679 ,1334.634155 ,0.000000 ,89.359520 ,60.946407 ,60.525753 ,77.415825 ,61.587688
75 ,19 ,29 ,578 ,819 ,1600 ,2132.408691 ,846.691650 ,1489.550171 ,1489.690308 ,1151.033691 ,1338.353638 ,0.000000 ,90.510559 ,62.284760 ,62.015244 ,77.402550 ,62.926041
76 ,19 ,29 ,578 ,819 ,1600 ,2163.767578 ,831.012207 ,1497.389893 ,1489.690308 ,1193.144653 ,1333.048828 ,0.000000 ,91.703697 ,63.617809 ,63.511971 ,77.358032 ,64.259087
77 ,22 ,23 ,568 ,841 ,1600 ,2195.126465 ,831.012207 ,1513.069336 ,1489.690308 ,1221.218628 ,1313.536621 ,0.000000 ,92.924919 ,64.931343 ,65.023071 ,77.280823 ,65.572624
78 ,22 ,24 ,565 ,865 ,1600 ,2195.126465 ,846.691650 ,1520.909058 ,1489.690308 ,1207.181641 ,1295.548828 ,0.000000 ,94.132103 ,66.226898 ,66.540024 ,77.171234 ,66.868172
79 ,23 ,20 ,554 ,886 ,1600 ,2179.447021 ,831.012207 ,1505.229614 ,1489.690308 ,1207.181641 ,1296.341553 ,0.000000 ,95.339279 ,67.523239 ,68.038727 ,77.031166 ,68.164520
80 ,23 ,20 ,554 ,886 ,1600 ,2069.690674 ,862.371155 ,1466.030884 ,1440.375244 ,1080.848755 ,1311.890259 ,0.000000 ,96.420128 ,68.835129 ,69.495560 ,76.867241 ,69.476410
81 ,26 ,19 ,542 ,893 ,1600 ,2054.011230 ,893.730103 ,1473.870605 ,1391.060181 ,1038.737671 ,1342.012207 ,0.000000 ,97.458870 ,70.177139 ,70.956963 ,76.675911 ,70.818420
82 ,30 ,22 ,534 ,923 ,1600 ,2054.011230 ,987.806946 ,1520.909058 ,1341.745117 ,954.515747 ,1370.182983 ,0.000000 ,98.413383 ,71.547325 ,72.461502 ,76.453377 ,72.188606
83 ,39 ,22 ,523 ,942 ,1600 ,2038.331787 ,1019.165894 ,1528.748779 ,1292.430054 ,912.404724 ,1390.853638 ,0.000000 ,99.325790 ,72.938179 ,73.970047 ,76.205650 ,73.579453
84 ,39 ,22 ,523 ,942 ,1600 ,2038.331787 ,1066.204346 ,1552.268066 ,1243.114990 ,870.293762 ,1403.536621 ,0.000000 ,100.196083 ,74.341713 ,75.497803 ,75.930870 ,74.982994
85 ,43 ,15 ,510 ,968 ,1600 ,1975.613892 ,1097.563232 ,1536.588501 ,1193.799927 ,786.071777 ,1402.134155 ,0.000000 ,100.982155 ,75.743843 ,77.006248 ,75.638145 ,76.385124
86 ,47 ,9 ,494 ,1030 ,1600 ,1912.895996 ,1113.242676 ,1513.069336 ,1144.484863 ,715.886780 ,1394.024414 ,0.000000 ,101.698044 ,77.137871 ,78.487892 ,75.331360 ,77.779152
87 ,46 ,10 ,484 ,1197 ,1600 ,1897.216431 ,1175.960571 ,1536.588501 ,1095.169800 ,645.701843 ,1384.512207 ,0.000000 ,102.343742 ,78.522385 ,79.988960 ,75.002876 ,79.163666
88 ,49 ,13 ,464 ,1400 ,1600 ,1850.178101 ,1222.999023 ,1536.588501 ,1045.854736 ,561.479858 ,1373.719604 ,0.000000 ,102.905228 ,79.896103 ,81.486732 ,74.659698 ,80.537384
89 ,49 ,13 ,464 ,1400 ,1600 ,1787.460205 ,1285.716919 ,1536.588501 ,996.539673 ,449.183868 ,1362.134155 ,0.000000 ,103.354408 ,81.258240 ,82.981773 ,74.304787 ,81.899521
90 ,49 ,17 ,445 ,1640 ,1600 ,1724.742310 ,1364.114380 ,1544.428345 ,947.224609 ,322.850922 ,1357.561035 ,0.000000 ,103.677261 ,82.615799 ,84.482407 ,73.939598 ,83.257080
91 ,52 ,23 ,430 ,1855 ,1600 ,1646.344849 ,1411.152710 ,1528.748779 ,897.909546 ,210.554947 ,1353.414673 ,0.000000 ,103.887817 ,83.969215 ,85.966461 ,73.572670 ,84.610497
92 ,59 ,32 ,412 ,1789 ,1600 ,1552.268066 ,1489.550171 ,1520.909058 ,848.594482 ,56.147984 ,1351.463501 ,0.000000 ,103.943962 ,85.320679 ,87.442558 ,73.206169 ,85.961960
93 ,59 ,32 ,412 ,1789 ,1600 ,1505.229614 ,1567.947510 ,1536.588501 ,799.279419 ,-56.147984 ,1345.731689 ,0.000000 ,103.887817 ,86.666405 ,88.934227 ,72.837357 ,87.307686
94 ,73 ,34 ,392 ,1583 ,1600 ,1442.511719 ,1677.703857 ,1560.107788 ,749.964355 ,-210.554947 ,1338.475586 ,0.000000 ,103.677261 ,88.004883 ,90.450096 ,72.468468 ,88.646164
95 ,78 ,30 ,375 ,1336 ,1600 ,1317.075928 ,1740.421753 ,1528.748779 ,700.649292 ,-378.998901 ,1336.524414 ,0.000000 ,103.298264 ,89.341408 ,91.937851 ,72.116821 ,89.982689

