Time[ms], WallSen FL, WallSen L, WallSen R, WallSen FR, Machine V, Mot V L, Mot V R, Mot V LR, Machine Angular, Mot Angular, IMU Angular Z, Machine Angle, Mot Angle, IMU Angle, Mot Distance X, Mot Distance Y, IMU Global Angle, IMU V
0 ,90 ,385 ,191 ,50 ,0 ,0.000000 ,0.000000 ,0.000000 ,0.000000 ,0.000000 ,-0.060976 ,0.000000 ,0.000000 ,-0.026646 ,0.000000 ,0.000000 ,-0.026646 ,0.000000
1 ,90 ,385 ,191 ,50 ,8 ,0.000000 ,0.000000 ,0.000000 ,0.000000 ,0.000000 ,-0.121951 ,-6.374600 ,0.000000 ,-0.026768 ,0.000000 ,0.000000 ,-0.026768 ,-0.478516
2 ,85 ,383 ,191 ,46 ,16 ,-15.679475 ,31.358950 ,7.839737 ,0.000000 ,-42.110989 ,0.304878 ,-6.480869 ,-0.042111 ,-0.026463 ,-0.000006 ,0.007840 ,-0.026463 ,-0.765625
3 ,88 ,384 ,191 ,48 ,24 ,-78.397377 ,94.076851 ,7.839737 ,0.000000 ,-154.406952 ,0.426829 ,-6.480869 ,-0.196518 ,-0.026037 ,-0.000033 ,0.015679 ,-0.026037 ,-1.531250
4 ,88 ,384 ,191 ,48 ,32 ,-94.076851 ,109.756325 ,7.839737 ,0.000000 ,-182.480957 ,-0.792683 ,-6.427701 ,-0.378999 ,-0.026829 ,-0.000085 ,0.023519 ,-0.026829 ,-6.747070
5 ,86 ,382 ,192 ,47 ,40 ,-62.717899 ,94.076851 ,15.679475 ,0.000000 ,-140.369965 ,-4.512195 ,-6.427701 ,-0.519369 ,-0.031341 ,-0.000227 ,0.039198 ,-0.031341 ,-10.766602
6 ,86 ,382 ,192 ,47 ,48 ,-31.358950 ,62.717899 ,15.679475 ,0.000000 ,-84.221977 ,-14.268293 ,-6.534102 ,-0.603591 ,-0.045610 ,-0.000392 ,0.054876 ,-0.045610 ,-24.500000
7 ,87 ,384 ,191 ,47 ,56 ,-15.679475 ,31.358950 ,7.839737 ,0.000000 ,-42.110989 ,-30.121952 ,-6.427701 ,-0.645702 ,-0.075732 ,-0.000480 ,0.062716 ,-0.075732 ,-37.898438
8 ,86 ,388 ,189 ,50 ,64 ,-31.358950 ,78.397377 ,23.519213 ,0.000000 ,-98.258972 ,-44.512196 ,-6.427701 ,-0.743961 ,-0.120244 ,-0.000786 ,0.086233 ,-0.120244 ,-36.510742
9 ,86 ,388 ,189 ,50 ,72 ,-31.358950 ,109.756325 ,39.198689 ,0.000000 ,-126.332962 ,-58.536587 ,-6.215693 ,-0.870294 ,-0.178780 ,-0.001381 ,0.125427 ,-0.178780 ,-38.999023
10 ,91 ,392 ,195 ,52 ,80 ,0.000000 ,94.076851 ,47.038425 ,0.000000 ,-84.221977 ,-72.743904 ,-6.215693 ,-0.954516 ,-0.251524 ,-0.002165 ,0.172459 ,-0.251524 ,-44.310547
11 ,91 ,392 ,195 ,52 ,88 ,15.679475 ,94.076851 ,54.878162 ,0.000000 ,-70.184982 ,-88.902443 ,-6.004742 ,-1.024701 ,-0.340427 ,-0.003146 ,0.227328 ,-0.340427 ,-47.133789
12 ,81 ,394 ,186 ,52 ,96 ,0.000000 ,94.076851 ,47.038425 ,0.000000 ,-84.221977 ,-105.182930 ,-5.899662 ,-1.108923 ,-0.445610 ,-0.004056 ,0.274358 ,-0.445610 ,-44.932617
13 ,83 ,400 ,188 ,55 ,104 ,15.679475 ,94.076851 ,54.878162 ,0.000000 ,-70.184982 ,-118.048782 ,-5.899662 ,-1.179108 ,-0.563659 ,-0.005186 ,0.329225 ,-0.563659 ,-42.061523
14 ,83 ,400 ,188 ,55 ,112 ,15.679475 ,125.435799 ,70.557640 ,0.000000 ,-98.258972 ,-128.780487 ,-5.586000 ,-1.277367 ,-0.692439 ,-0.006758 ,0.399765 ,-0.692439 ,-41.583008
15 ,81 ,406 ,186 ,57 ,120 ,47.038425 ,125.435799 ,86.237114 ,0.000000 ,-70.184982 ,-139.817078 ,-5.586000 ,-1.347552 ,-0.832256 ,-0.008786 ,0.485978 ,-0.832256 ,-38.137695
16 ,81 ,406 ,186 ,57 ,128 ,62.717899 ,125.435799 ,94.076851 ,0.000000 ,-56.147984 ,-150.487808 ,-5.274700 ,-1.403700 ,-0.982744 ,-0.011091 ,0.580027 ,-0.982744 ,-34.022461
17 ,79 ,409 ,182 ,57 ,136 ,62.717899 ,156.794754 ,109.756325 ,0.000000 ,-84.221977 ,-158.658539 ,-5.119933 ,-1.487922 ,-1.141402 ,-0.013941 ,0.689746 ,-1.141402 ,-29.859375
18 ,79 ,409 ,182 ,57 ,144 ,47.038425 ,156.794754 ,101.916588 ,0.000000 ,-98.258972 ,-164.573181 ,-5.119933 ,-1.586181 ,-1.305976 ,-0.016762 ,0.791623 ,-1.305976 ,-25.839844
19 ,78 ,420 ,181 ,60 ,152 ,62.717899 ,141.115280 ,101.916588 ,0.000000 ,-70.184982 ,-170.365860 ,-4.557472 ,-1.656366 ,-1.476342 ,-0.019708 ,0.893497 ,-1.476342 ,-19.284180
20 ,89 ,433 ,186 ,70 ,160 ,62.717899 ,141.115280 ,101.916588 ,0.000000 ,-70.184982 ,-172.987808 ,-4.557472 ,-1.726551 ,-1.649329 ,-0.022779 ,0.995368 ,-1.649329 ,-4.880859
21 ,89 ,433 ,186 ,70 ,168 ,62.717899 ,172.474228 ,117.596062 ,0.000000 ,-98.258972 ,-168.658539 ,-3.902864 ,-1.824810 ,-1.817988 ,-0.026523 ,1.112904 ,-1.817988 ,13.350586
22 ,77 ,432 ,176 ,68 ,176 ,47.038425 ,188.153702 ,117.596062 ,0.000000 ,-126.332962 ,-156.646347 ,-3.902864 ,-1.951143 ,-1.974634 ,-0.030527 ,1.230432 ,-1.974634 ,31.055664
23 ,77 ,432 ,176 ,68 ,184 ,62.717899 ,156.794754 ,109.756325 ,0.000000 ,-84.221977 ,-143.536591 ,-3.952831 ,-2.035365 ,-2.118171 ,-0.034425 ,1.340119 ,-2.118171 ,44.023438
24 ,75 ,435 ,174 ,67 ,192 ,78.397377 ,156.794754 ,117.596062 ,0.000000 ,-70.184982 ,-130.121948 ,4.059480 ,-2.105550 ,-2.248293 ,-0.038746 ,1.457636 ,-2.248293 ,52.206055
25 ,75 ,444 ,174 ,72 ,200 ,94.076851 ,172.474228 ,133.275543 ,0.000000 ,-70.184982 ,-117.256104 ,4.059480 ,-2.175735 ,-2.365549 ,-0.043806 ,1.590815 ,-2.365549 ,57.613281
26 ,75 ,444 ,174 ,72 ,208 ,203.833176 ,109.756325 ,156.794754 ,0.000000 ,84.221977 ,-102.073174 ,4.059480 ,-2.091512 ,-2.467622 ,-0.049528 ,1.747506 ,-2.467622 ,65.317383
27 ,74 ,443 ,171 ,72 ,216 ,235.192123 ,47.038425 ,141.115280 ,0.000000 ,168.443954 ,-83.902443 ,4.059480 ,-1.923069 ,-2.551525 ,-0.054263 ,1.888541 ,-2.551525 ,77.567383
28 ,74 ,443 ,171 ,72 ,224 ,203.833176 ,94.076851 ,148.955017 ,0.000000 ,98.258972 ,-57.256100 ,4.570402 ,-1.824810 ,-2.608781 ,-0.059007 ,2.037421 ,-2.608781 ,103.167969
29 ,72 ,442 ,167 ,71 ,232 ,219.512650 ,156.794754 ,188.153702 ,0.000000 ,56.147984 ,-28.048780 ,5.254575 ,-1.768662 ,-2.636829 ,-0.064814 ,2.225485 ,-2.636829 ,129.055664
30 ,72 ,442 ,167 ,71 ,240 ,282.230560 ,172.474228 ,227.352386 ,0.000000 ,98.258972 ,-12.073171 ,5.254575 ,-1.670403 ,-2.648903 ,-0.071441 ,2.452741 ,-2.648903 ,124.126953
31 ,71 ,449 ,166 ,80 ,248 ,329.268982 ,109.756325 ,219.512650 ,0.000000 ,196.517944 ,-11.097561 ,5.426143 ,-1.473885 ,-2.660000 ,-0.077087 ,2.672181 ,-2.660000 ,108.240234
32 ,73 ,446 ,170 ,75 ,256 ,344.948456 ,94.076851 ,219.512650 ,0.000000 ,224.591934 ,-13.902439 ,5.426143 ,-1.249293 ,-2.673903 ,-0.081873 ,2.891641 ,-2.673903 ,102.785156
33 ,73 ,446 ,170 ,75 ,264 ,344.948456 ,109.756325 ,227.352386 ,0.000000 ,210.554947 ,-13.048780 ,4.741130 ,-1.038738 ,-2.686951 ,-0.085995 ,3.118956 ,-2.686951 ,99.866211
34 ,73 ,445 ,167 ,71 ,272 ,297.910034 ,172.474228 ,235.192123 ,0.000000 ,112.295967 ,-8.048780 ,5.254575 ,-0.926442 ,-2.695000 ,-0.089798 ,3.354118 ,-2.695000 ,94.267578
35 ,73 ,445 ,167 ,71 ,280 ,329.268982 ,188.153702 ,258.711334 ,0.000000 ,126.332962 ,-3.597561 ,5.254575 ,-0.800109 ,-2.698598 ,-0.093410 ,3.612804 ,-2.698598 ,92.640625
36 ,72 ,447 ,169 ,75 ,288 ,360.627930 ,172.474228 ,266.551086 ,0.000000 ,168.443954 ,1.951220 ,4.912068 ,-0.631665 ,-2.696646 ,-0.096349 ,3.879339 ,-2.696646 ,97.712891
37 ,74 ,450 ,168 ,74 ,296 ,344.948456 ,141.115280 ,243.031860 ,0.000000 ,182.480957 ,8.414635 ,4.912068 ,-0.449184 ,-2.688232 ,-0.098254 ,4.122363 ,-2.688232 ,97.138672
38 ,74 ,450 ,168 ,74 ,304 ,329.268982 ,172.474228 ,250.871597 ,0.000000 ,140.369965 ,16.890244 ,5.083216 ,-0.308814 ,-2.671342 ,-0.099606 ,4.373231 ,-2.671342 ,97.808594
39 ,73 ,445 ,167 ,72 ,312 ,313.589508 ,172.474228 ,243.031860 ,0.000000 ,126.332962 ,28.780489 ,5.083216 ,-0.182481 ,-2.642561 ,-0.100380 ,4.616261 ,-2.642561 ,104.699219
40 ,73 ,445 ,167 ,72 ,320 ,313.589508 ,188.153702 ,250.871597 ,0.000000 ,112.295967 ,40.548782 ,5.254575 ,-0.070185 ,-2.602012 ,-0.100688 ,4.867133 ,-2.602012 ,109.340820
41 ,70 ,443 ,162 ,70 ,328 ,329.268982 ,188.153702 ,258.711334 ,0.000000 ,126.332962 ,55.060978 ,6.114515 ,0.056148 ,-2.546951 ,-0.100434 ,5.125844 ,-2.546951 ,114.508789
42 ,70 ,443 ,162 ,70 ,336 ,344.948456 ,156.794754 ,250.871597 ,0.000000 ,168.443954 ,69.085365 ,6.114515 ,0.224592 ,-2.477866 ,-0.099451 ,5.376714 ,-2.477866 ,111.015625
43 ,78 ,442 ,170 ,74 ,344 ,329.268982 ,141.115280 ,235.192123 ,0.000000 ,168.443954 ,82.256096 ,4.741130 ,0.393036 ,-2.395610 ,-0.097837 ,5.611901 ,-2.395610 ,108.527344
44 ,75 ,433 ,171 ,68 ,352 ,329.268982 ,156.794754 ,243.031860 ,0.000000 ,154.406952 ,96.036591 ,4.741130 ,0.547443 ,-2.299573 ,-0.095515 ,5.854921 ,-2.299573 ,112.833984
45 ,75 ,433 ,171 ,68 ,360 ,313.589508 ,172.474228 ,243.031860 ,0.000000 ,126.332962 ,106.341469 ,4.570402 ,0.673776 ,-2.193232 ,-0.092657 ,6.097937 ,-2.193232 ,99.674805
46 ,76 ,435 ,174 ,70 ,368 ,329.268982 ,203.833176 ,266.551086 ,0.000000 ,112.295967 ,113.841469 ,4.059480 ,0.786072 ,-2.079390 ,-0.089001 ,6.364462 ,-2.079390 ,79.385742
47 ,76 ,435 ,174 ,70 ,376 ,344.948456 ,219.512650 ,282.230560 ,0.000000 ,112.295967 ,119.573174 ,4.059480 ,0.898368 ,-1.959817 ,-0.084576 ,6.646658 ,-1.959817 ,70.485352
48 ,78 ,431 ,175 ,69 ,384 ,360.627930 ,203.833176 ,282.230560 ,0.000000 ,140.369965 ,122.378052 ,-4.002862 ,1.038738 ,-1.837439 ,-0.079459 ,6.928843 ,-1.837439 ,60.005859
49 ,78 ,429 ,173 ,76 ,392 ,360.627930 ,235.192123 ,297.910034 ,0.000000 ,112.295967 ,124.329269 ,-4.002862 ,1.151034 ,-1.713110 ,-0.073475 ,7.226693 ,-1.713110 ,47.708008
50 ,78 ,429 ,173 ,76 ,400 ,282.230560 ,329.268982 ,305.749756 ,0.000000 ,-42.110989 ,125.426834 ,4.229577 ,1.108923 ,-1.587683 ,-0.067557 ,7.532385 ,-1.587683 ,35.170898
51 ,79 ,417 ,180 ,71 ,408 ,282.230560 ,376.307404 ,329.268982 ,0.000000 ,-84.221977 ,122.134148 ,4.229577 ,1.024701 ,-1.465549 ,-0.061669 ,7.861601 ,-1.465549 ,23.399414
52 ,79 ,417 ,180 ,71 ,416 ,407.666351 ,297.910034 ,352.788177 ,0.000000 ,98.258972 ,114.939026 ,-4.710090 ,1.122960 ,-1.350610 ,-0.054755 ,8.214322 ,-1.350610 ,12.010742
53 ,79 ,416 ,178 ,69 ,424 ,470.384247 ,250.871597 ,360.627930 ,0.000000 ,196.517944 ,109.512199 ,-4.761092 ,1.319478 ,-1.241098 ,-0.046451 ,8.574854 ,-1.241098 ,1.722656
54 ,79 ,413 ,180 ,69 ,432 ,391.986877 ,344.948456 ,368.467651 ,0.000000 ,42.110989 ,107.500000 ,-4.761092 ,1.361589 ,-1.133598 ,-0.037695 ,8.943217 ,-1.133598 ,8.278320
55 ,79 ,413 ,180 ,69 ,440 ,266.551086 ,486.063721 ,376.307404 ,0.000000 ,-196.517944 ,110.731712 ,-4.914490 ,1.165071 ,-1.022866 ,-0.030044 ,9.319448 ,-1.022866 ,13.494141
56 ,81 ,406 ,182 ,66 ,448 ,297.910034 ,486.063721 ,391.986877 ,0.000000 ,-168.443954 ,107.987808 ,-4.914490 ,0.996627 ,-0.914878 ,-0.023226 ,9.711375 ,-0.914878 ,8.708984
57 ,81 ,406 ,182 ,66 ,456 ,360.627930 ,439.025299 ,399.826599 ,0.000000 ,-70.184982 ,100.000000 ,-5.274700 ,0.926442 ,-0.814878 ,-0.016761 ,10.111149 ,-0.814878 ,-0.622070
58 ,82 ,402 ,183 ,64 ,464 ,407.666351 ,391.986877 ,399.826599 ,0.000000 ,14.036996 ,90.121956 ,-5.481971 ,0.940479 ,-0.724756 ,-0.010198 ,10.510922 ,-0.724756 ,-14.929688
59 ,82 ,402 ,183 ,64 ,472 ,407.666351 ,439.025299 ,423.345825 ,0.000000 ,-28.073992 ,77.743904 ,-5.481971 ,0.912405 ,-0.647012 ,-0.003457 ,10.934215 ,-0.647012 ,-22.729492
60 ,84 ,410 ,185 ,76 ,480 ,344.948456 ,470.384247 ,407.666351 ,0.000000 ,-112.295967 ,73.475609 ,-5.068474 ,0.800109 ,-0.573537 ,0.002235 ,11.341841 ,-0.573537 ,-30.912109
61 ,90 ,401 ,189 ,69 ,488 ,329.268982 ,470.384247 ,399.826599 ,0.000000 ,-126.332962 ,63.292683 ,-5.068474 ,0.673776 ,-0.510244 ,0.006937 ,11.741640 ,-0.510244 ,-54.694336
62 ,90 ,401 ,189 ,69 ,496 ,376.307404 ,439.025299 ,407.666351 ,0.000000 ,-56.147984 ,52.621952 ,-5.533953 ,0.617628 ,-0.457622 ,0.011332 ,12.149282 ,-0.457622 ,-69.624023
63 ,86 ,397 ,185 ,64 ,504 ,407.666351 ,439.025299 ,423.345825 ,0.000000 ,-28.073992 ,38.414635 ,-5.742536 ,0.589554 ,-0.419207 ,0.015688 ,12.572606 ,-0.419207 ,-73.021484
64 ,86 ,397 ,185 ,64 ,512 ,407.666351 ,439.025299 ,423.345825 ,0.000000 ,-28.073992 ,23.780489 ,-5.742536 ,0.561480 ,-0.395427 ,0.019836 ,12.995932 ,-0.395427 ,-81.969727
65 ,87 ,397 ,187 ,66 ,520 ,360.627930 ,470.384247 ,415.506104 ,0.000000 ,-98.258972 ,13.902439 ,-5.742536 ,0.463221 ,-0.381524 ,0.023195 ,13.411424 ,-0.381524 ,-96.085938
66 ,87 ,397 ,187 ,63 ,528 ,360.627930 ,486.063721 ,423.345825 ,0.000000 ,-112.295967 ,0.975610 ,-5.742536 ,0.350925 ,-0.380549 ,0.025788 ,13.834762 ,-0.380549 ,-107.761719
67 ,87 ,397 ,187 ,63 ,536 ,376.307404 ,486.063721 ,431.185577 ,0.000000 ,-98.258972 ,-11.036586 ,-5.742536 ,0.252666 ,-0.391585 ,0.027690 ,14.265944 ,-0.391585 ,-100.871094
68 ,87 ,397 ,184 ,64 ,544 ,423.345825 ,486.063721 ,454.704773 ,0.000000 ,-56.147984 ,-20.426830 ,-5.742536 ,0.196518 ,-0.412012 ,0.029249 ,14.720646 ,-0.412012 ,-98.239258
69 ,87 ,397 ,184 ,64 ,552 ,407.666351 ,486.063721 ,446.865051 ,0.000000 ,-70.184982 ,-32.439026 ,-5.742536 ,0.126333 ,-0.444451 ,0.030235 ,15.167509 ,-0.444451 ,-109.962891
70 ,88 ,408 ,184 ,76 ,560 ,423.345825 ,517.422668 ,470.384247 ,0.000000 ,-84.221977 ,-42.256100 ,-5.171456 ,0.042111 ,-0.486707 ,0.030580 ,15.637894 ,-0.486707 ,-118.097656
71 ,93 ,404 ,188 ,70 ,568 ,407.666351 ,533.102173 ,470.384247 ,0.000000 ,-112.295967 ,-52.073174 ,-5.171456 ,-0.070185 ,-0.538781 ,0.030004 ,16.108278 ,-0.538781 ,-123.887695
72 ,93 ,404 ,188 ,70 ,576 ,423.345825 ,533.102173 ,478.223999 ,0.000000 ,-98.258972 ,-56.585365 ,-5.378204 ,-0.168444 ,-0.595366 ,0.028598 ,16.586500 ,-0.595366 ,-117.666992
73 ,87 ,404 ,183 ,66 ,584 ,454.704773 ,548.781616 ,501.743195 ,0.000000 ,-84.221977 ,-61.585369 ,-5.378204 ,-0.252666 ,-0.656951 ,0.026386 ,17.088238 ,-0.656951 ,-103.837891
74 ,87 ,404 ,183 ,66 ,592 ,454.704773 ,548.781616 ,501.743195 ,0.000000 ,-84.221977 ,-66.646339 ,-5.378204 ,-0.336888 ,-0.723598 ,0.023435 ,17.589972 ,-0.723598 ,-102.258789
75 ,87 ,409 ,183 ,70 ,600 ,470.384247 ,580.140564 ,525.262390 ,0.000000 ,-98.258972 ,-68.719513 ,-5.119933 ,-0.435147 ,-0.792317 ,0.019446 ,18.115219 ,-0.792317 ,-105.464844
76 ,88 ,413 ,181 ,71 ,608 ,470.384247 ,580.140564 ,525.262390 ,0.000000 ,-98.258972 ,-69.390244 ,-5.119933 ,-0.533406 ,-0.861707 ,0.014556 ,18.640459 ,-0.861707 ,-113.934570
77 ,88 ,413 ,181 ,71 ,616 ,470.384247 ,580.140564 ,525.262390 ,0.000000 ,-98.258972 ,-70.609756 ,-4.914490 ,-0.631665 ,-0.932317 ,0.008766 ,19.165689 ,-0.932317 ,-115.657227
78 ,84 ,412 ,181 ,70 ,624 ,470.384247 ,595.820068 ,533.102173 ,0.000000 ,-112.295967 ,-70.548782 ,-4.914490 ,-0.743961 ,-1.002866 ,0.001844 ,19.698748 ,-1.002866 ,-99.770508
79 ,84 ,412 ,181 ,70 ,632 ,501.743195 ,595.820068 ,548.781616 ,0.000000 ,-84.221977 ,-70.365852 ,-4.965753 ,-0.828183 ,-1.073232 ,-0.006088 ,20.247471 ,-1.073232 ,-93.454102
80 ,84 ,415 ,179 ,75 ,640 ,533.102173 ,595.820068 ,564.461121 ,0.000000 ,-56.147984 ,-69.329269 ,-4.812160 ,-0.884331 ,-1.142561 ,-0.014800 ,20.811865 ,-1.142561 ,-94.841797
81 ,84 ,415 ,179 ,75 ,648 ,517.422668 ,611.499512 ,564.461121 ,0.000000 ,-84.221977 ,-68.048782 ,-4.812160 ,-0.968553 ,-1.210610 ,-0.024342 ,21.376245 ,-1.210610 ,-77.041016
82 ,90 ,421 ,182 ,79 ,656 ,501.743195 ,611.499512 ,556.621338 ,0.000000 ,-98.258972 ,-64.390244 ,-4.506729 ,-1.066812 ,-1.275000 ,-0.034705 ,21.932770 ,-1.275000 ,-49.622070
83 ,85 ,417 ,180 ,75 ,664 ,517.422668 ,627.179016 ,572.300842 ,0.000000 ,-98.258972 ,-64.329269 ,-4.506729 ,-1.165071 ,-1.339329 ,-0.046342 ,22.504953 ,-1.339329 ,-44.454102
84 ,85 ,417 ,180 ,75 ,672 ,564.461121 ,627.179016 ,595.820068 ,0.000000 ,-56.147984 ,-66.280487 ,-4.710090 ,-1.221219 ,-1.405610 ,-0.059040 ,23.100637 ,-1.405610 ,-47.947266
85 ,86 ,422 ,178 ,77 ,680 ,564.461121 ,611.499512 ,587.980286 ,0.000000 ,-42.110989 ,-69.634148 ,-4.456051 ,-1.263330 ,-1.475244 ,-0.072004 ,23.688475 ,-1.475244 ,-47.181641
86 ,86 ,422 ,178 ,77 ,688 ,580.140564 ,627.179016 ,603.659790 ,0.000000 ,-42.110989 ,-72.865852 ,-4.456051 ,-1.305441 ,-1.548110 ,-0.085756 ,24.291979 ,-1.548110 ,-52.636719
87 ,85 ,430 ,177 ,80 ,696 ,564.461121 ,642.858459 ,603.659790 ,0.000000 ,-70.184982 ,-72.439026 ,-4.052958 ,-1.375626 ,-1.620549 ,-0.100248 ,24.895464 ,-1.620549 ,-50.100586
88 ,86 ,431 ,178 ,80 ,704 ,564.461121 ,658.537964 ,611.499512 ,0.000000 ,-84.221977 ,-72.439026 ,-4.052958 ,-1.459848 ,-1.692988 ,-0.115827 ,25.506765 ,-1.692988 ,-42.779297
89 ,86 ,431 ,178 ,80 ,712 ,595.820068 ,658.537964 ,627.179016 ,0.000000 ,-56.147984 ,-73.902443 ,-4.002862 ,-1.515996 ,-1.766890 ,-0.132420 ,26.133724 ,-1.766890 ,-31.964844
90 ,87 ,433 ,175 ,84 ,720 ,611.499512 ,658.537964 ,635.018738 ,0.000000 ,-42.110989 ,-74.817078 ,-4.002862 ,-1.558107 ,-1.841707 ,-0.149686 ,26.768509 ,-1.841707 ,-28.902344
91 ,87 ,433 ,175 ,84 ,728 ,627.179016 ,658.537964 ,642.858459 ,0.000000 ,-28.073992 ,-76.768295 ,-3.902864 ,-1.586181 ,-1.918476 ,-0.167481 ,27.411121 ,-1.918476 ,-37.659180
92 ,85 ,434 ,174 ,82 ,736 ,658.537964 ,674.217407 ,666.377686 ,0.000000 ,-14.036996 ,-76.646347 ,4.059480 ,-1.600218 ,-1.995122 ,-0.186090 ,28.077238 ,-1.995122 ,-29.045898
93 ,86 ,439 ,172 ,84 ,744 ,642.858459 ,674.217407 ,658.537964 ,0.000000 ,-28.073992 ,-77.500000 ,4.059480 ,-1.628292 ,-2.072622 ,-0.204802 ,28.735512 ,-2.072622 ,-15.408203
94 ,86 ,439 ,172 ,84 ,752 ,721.255859 ,595.820068 ,658.537964 ,0.000000 ,112.295967 ,-79.817078 ,4.399885 ,-1.515996 ,-2.152439 ,-0.222225 ,29.393818 ,-2.152439 ,-17.896484
95 ,84 ,442 ,173 ,86 ,760 ,799.653198 ,564.461121 ,682.057190 ,0.000000 ,210.554947 ,-76.585365 ,4.399885 ,-1.305441 ,-2.229025 ,-0.237764 ,30.075699 ,-2.229025 ,-10.910156
96 ,84 ,442 ,173 ,86 ,768 ,768.294250 ,595.820068 ,682.057190 ,0.000000 ,154.406952 ,-65.731712 ,4.229577 ,-1.151034 ,-2.294756 ,-0.251465 ,30.757618 ,-2.294756 ,15.360352
97 ,86 ,442 ,172 ,85 ,776 ,736.935303 ,658.537964 ,697.736633 ,0.000000 ,70.184982 ,-49.817074 ,4.399885 ,-1.080849 ,-2.344573 ,-0.264626 ,31.455231 ,-2.344573 ,45.985352
98 ,86 ,442 ,172 ,85 ,784 ,721.255859 ,658.537964 ,689.896912 ,0.000000 ,56.147984 ,-27.743902 ,4.399885 ,-1.024701 ,-2.372317 ,-0.276964 ,32.145016 ,-2.372317 ,70.341797
99 ,86 ,446 ,171 ,86 ,792 ,752.614807 ,642.858459 ,697.736633 ,0.000000 ,98.258972 ,-14.939025 ,4.570402 ,-0.926442 ,-2.387256 ,-0.288246 ,32.842663 ,-2.387256 ,78.476562
100 ,96 ,451 ,180 ,93 ,800 ,799.653198 ,611.499512 ,705.576355 ,0.000000 ,168.443954 ,-10.853659 ,4.570402 ,-0.757998 ,-2.398110 ,-0.297580 ,33.548176 ,-2.398110 ,77.902344
101 ,96 ,451 ,180 ,93 ,808 ,799.653198 ,611.499512 ,705.576355 ,0.000000 ,168.443954 ,-0.792683 ,3.043320 ,-0.589554 ,-2.398903 ,-0.304840 ,34.253716 ,-2.398903 ,83.644531
102 ,86 ,445 ,169 ,88 ,816 ,783.973755 ,674.217407 ,729.095581 ,0.000000 ,98.258972 ,10.121951 ,3.043320 ,-0.491295 ,-2.388781 ,-0.311091 ,34.982784 ,-2.388781 ,99.914062
103 ,86 ,445 ,169 ,88 ,824 ,752.614807 ,689.896912 ,721.255859 ,0.000000 ,56.147984 ,22.926830 ,4.912068 ,-0.435147 ,-2.365854 ,-0.316569 ,35.704021 ,-2.365854 ,119.916016
104 ,88 ,443 ,170 ,88 ,832 ,768.294250 ,689.896912 ,729.095581 ,0.000000 ,70.184982 ,34.695122 ,4.741130 ,-0.364962 ,-2.331159 ,-0.321213 ,36.433102 ,-2.331159 ,119.102539
105 ,90 ,446 ,169 ,92 ,840 ,831.012207 ,658.537964 ,744.775085 ,0.000000 ,154.406952 ,39.756100 ,4.741130 ,-0.210555 ,-2.291403 ,-0.323950 ,37.177872 ,-2.291403 ,105.895508
106 ,90 ,446 ,169 ,92 ,848 ,846.691650 ,642.858459 ,744.775085 ,0.000000 ,182.480957 ,46.951221 ,4.912068 ,-0.028074 ,-2.244451 ,-0.324315 ,37.922646 ,-2.244451 ,106.565430
107 ,89 ,441 ,171 ,89 ,856 ,831.012207 ,658.537964 ,744.775085 ,0.000000 ,154.406952 ,56.646343 ,4.912068 ,0.126333 ,-2.187805 ,-0.322673 ,38.667419 ,-2.187805 ,110.680664
108 ,89 ,441 ,171 ,89 ,864 ,831.012207 ,721.255859 ,776.134033 ,0.000000 ,98.258972 ,69.817078 ,4.570402 ,0.224592 ,-2.117988 ,-0.319631 ,39.443546 ,-2.117988 ,115.561523
109 ,89 ,440 ,169 ,87 ,872 ,846.691650 ,721.255859 ,783.973755 ,0.000000 ,112.295967 ,80.182930 ,4.912068 ,0.336888 ,-2.037805 ,-0.315021 ,40.227509 ,-2.037805 ,132.692383
110 ,89 ,440 ,169 ,87 ,880 ,878.050598 ,721.255859 ,799.653198 ,0.000000 ,140.369965 ,86.707321 ,4.912068 ,0.477258 ,-1.951098 ,-0.308360 ,41.027134 ,-1.951098 ,153.459961
111 ,96 ,444 ,174 ,95 ,888 ,925.089050 ,705.576355 ,815.332703 ,0.000000 ,196.517944 ,87.926834 ,4.059480 ,0.673776 ,-1.863171 ,-0.298773 ,41.842411 ,-1.863171 ,154.608398
112 ,95 ,436 ,169 ,91 ,896 ,925.089050 ,721.255859 ,823.172424 ,0.000000 ,182.480957 ,88.231712 ,4.059480 ,0.856257 ,-1.774939 ,-0.286471 ,42.665489 ,-1.774939 ,141.305664
113 ,95 ,436 ,169 ,91 ,904 ,893.730103 ,752.614807 ,823.172424 ,0.000000 ,126.332962 ,87.560974 ,4.912068 ,0.982590 ,-1.687378 ,-0.272355 ,43.488541 ,-1.687378 ,134.510742
114 ,93 ,431 ,162 ,89 ,912 ,893.730103 ,783.973755 ,838.851929 ,0.000000 ,98.258972 ,87.682930 ,6.114515 ,1.080849 ,-1.599695 ,-0.256531 ,44.327244 ,-1.599695 ,133.314453
115 ,93 ,431 ,162 ,89 ,920 ,909.409546 ,752.614807 ,831.012207 ,0.000000 ,140.369965 ,89.817078 ,6.114515 ,1.221219 ,-1.509878 ,-0.238820 ,45.158070 ,-1.509878 ,136.807617
116 ,96 ,435 ,163 ,91 ,928 ,925.089050 ,736.935303 ,831.012207 ,0.000000 ,168.443954 ,87.743904 ,5.942108 ,1.389663 ,-1.422134 ,-0.218667 ,45.988834 ,-1.422134 ,131.639648
117 ,99 ,433 ,164 ,87 ,936 ,925.089050 ,736.935303 ,831.012207 ,0.000000 ,168.443954 ,93.231712 ,5.942108 ,1.558107 ,-1.328902 ,-0.196071 ,46.819542 ,-1.328902 ,146.186523
118 ,99 ,433 ,164 ,87 ,944 ,909.409546 ,736.935303 ,823.172424 ,0.000000 ,154.406952 ,103.292686 ,5.769909 ,1.712514 ,-1.225610 ,-0.171471 ,47.642345 ,-1.225610 ,170.638672
119 ,100 ,429 ,159 ,86 ,952 ,925.089050 ,768.294250 ,846.691650 ,0.000000 ,140.369965 ,112.317078 ,5.769909 ,1.852884 ,-1.113293 ,-0.144094 ,48.488594 ,-1.113293 ,160.733398
120 ,100 ,429 ,159 ,86 ,960 ,909.409546 ,768.294250 ,838.851929 ,0.000000 ,126.332962 ,116.524391 ,6.632997 ,1.979217 ,-0.996768 ,-0.115123 ,49.326946 ,-0.996768 ,147.957031
121 ,100 ,430 ,158 ,89 ,968 ,940.768494 ,752.614807 ,846.691650 ,0.000000 ,168.443954 ,112.987808 ,6.806243 ,2.147660 ,-0.883781 ,-0.083393 ,50.173042 ,-0.883781 ,120.633789
122 ,106 ,431 ,150 ,88 ,976 ,972.127441 ,752.614807 ,862.371155 ,0.000000 ,196.517944 ,109.085365 ,6.806243 ,2.344178 ,-0.774695 ,-0.048120 ,51.034691 ,-0.774695 ,80.151367
123 ,106 ,431 ,150 ,88 ,984 ,972.127441 ,768.294250 ,870.210876 ,0.000000 ,182.480957 ,106.341469 ,8.199750 ,2.526659 ,-0.668354 ,-0.009758 ,51.904057 ,-0.668354 ,49.526367
124 ,106 ,423 ,147 ,87 ,992 ,972.127441 ,799.653198 ,885.890320 ,0.000000 ,154.406952 ,107.987808 ,8.199750 ,2.681067 ,-0.560366 ,0.031681 ,52.788979 ,-0.560366 ,38.616211
125 ,106 ,423 ,147 ,87 ,1000 ,987.806946 ,799.653198 ,893.730103 ,0.000000 ,168.443954 ,115.426834 ,8.725765 ,2.849510 ,-0.444939 ,0.076111 ,53.681602 ,-0.444939 ,49.909180
126 ,109 ,421 ,140 ,87 ,1000 ,1003.486389 ,799.653198 ,901.569824 ,0.000000 ,182.480957 ,122.865860 ,9.960440 ,3.031991 ,-0.322073 ,0.123798 ,54.581909 ,-0.322073 ,59.766602
127 ,109 ,421 ,140 ,87 ,1000 ,1050.524780 ,815.332703 ,932.928772 ,0.000000 ,210.554947 ,131.768295 ,9.960440 ,3.242546 ,-0.190305 ,0.176567 ,55.513348 ,-0.190305 ,62.637695
128 ,113 ,414 ,133 ,88 ,1000 ,1034.845337 ,799.653198 ,917.249268 ,0.000000 ,210.554947 ,138.414642 ,11.205326 ,3.453101 ,-0.051890 ,0.231815 ,56.428928 ,-0.051890 ,63.403320
129 ,116 ,402 ,122 ,84 ,1000 ,1066.204346 ,799.653198 ,932.928772 ,0.000000 ,238.628937 ,145.914642 ,11.205326 ,3.691730 ,0.094024 ,0.291884 ,57.359924 ,0.094024 ,58.091797
130 ,116 ,402 ,122 ,84 ,1000 ,1066.204346 ,783.973755 ,925.089050 ,0.000000 ,252.665924 ,150.365860 ,13.182158 ,3.944396 ,0.244390 ,0.355520 ,58.282822 ,0.244390 ,50.052734
131 ,118 ,390 ,113 ,83 ,1000 ,1081.883789 ,768.294250 ,925.089050 ,0.000000 ,280.739929 ,152.682938 ,14.818229 ,4.225136 ,0.397073 ,0.423676 ,59.205395 ,0.397073 ,42.109375
132 ,118 ,390 ,113 ,83 ,1000 ,1097.563232 ,768.294250 ,932.928772 ,0.000000 ,294.776917 ,151.951218 ,14.818229 ,4.519913 ,0.549024 ,0.497196 ,60.135422 ,0.549024 ,34.213867
133 ,126 ,387 ,109 ,86 ,1000 ,1097.563232 ,752.614807 ,925.089050 ,0.000000 ,308.813904 ,155.670731 ,-6.268596 ,4.828727 ,0.704695 ,0.575068 ,61.057228 ,0.704695 ,20.767578
134 ,128 ,375 ,98 ,83 ,1000 ,1066.204346 ,768.294250 ,917.249268 ,0.000000 ,266.702942 ,155.304886 ,-6.268596 ,5.095430 ,0.860000 ,0.656533 ,61.970852 ,0.860000 ,3.923828
135 ,128 ,375 ,98 ,83 ,1000 ,878.050598 ,893.730103 ,885.890320 ,0.000000 ,-14.036996 ,162.804886 ,-6.908594 ,5.081393 ,1.022805 ,0.734997 ,62.853264 ,1.022805 ,1.483398
136 ,136 ,368 ,95 ,85 ,1000 ,721.255859 ,987.806946 ,854.531372 ,0.000000 ,-238.628937 ,173.292694 ,-6.908594 ,4.842764 ,1.196098 ,0.807138 ,63.704742 ,1.196098 ,-3.349609
137 ,136 ,368 ,95 ,85 ,1000 ,783.973755 ,1019.165894 ,901.569824 ,0.000000 ,-210.554947 ,165.000000 ,-7.286344 ,4.632209 ,1.361098 ,0.879948 ,64.603371 ,1.361098 ,-38.616211
138 ,139 ,364 ,89 ,82 ,1000 ,878.050598 ,987.806946 ,932.928772 ,0.000000 ,-98.258972 ,141.036591 ,-7.503669 ,4.533950 ,1.502134 ,0.953696 ,65.533379 ,1.502134 ,-90.535156
139 ,144 ,365 ,76 ,84 ,1000 ,925.089050 ,972.127441 ,948.608215 ,0.000000 ,-42.110989 ,103.780487 ,-7.503669 ,4.491839 ,1.605915 ,1.027988 ,66.479073 ,1.605915 ,-142.406250
140 ,144 ,365 ,76 ,84 ,1000 ,846.691650 ,956.447998 ,901.569824 ,0.000000 ,-98.258972 ,75.914635 ,-7.449237 ,4.393580 ,1.681829 ,1.097055 ,67.377991 ,1.681829 ,-182.745117
141 ,145 ,357 ,61 ,82 ,1000 ,783.973755 ,987.806946 ,885.890320 ,0.000000 ,-182.480957 ,61.280491 ,-7.449237 ,4.211099 ,1.743110 ,1.162107 ,68.261490 ,1.743110 ,-206.479492
142 ,145 ,357 ,61 ,82 ,1000 ,799.653198 ,1019.165894 ,909.409546 ,0.000000 ,-196.517944 ,46.707317 ,-7.886564 ,4.014581 ,1.789817 ,1.225775 ,69.168671 ,1.789817 ,-235.668945
143 ,151 ,359 ,56 ,82 ,1000 ,846.691650 ,1034.845337 ,940.768494 ,0.000000 ,-168.443954 ,27.865854 ,-7.776830 ,3.846137 ,1.817683 ,1.288880 ,70.107323 ,1.817683 ,-272.753906
144 ,151 ,359 ,56 ,82 ,1000 ,878.050598 ,1019.165894 ,948.608215 ,0.000000 ,-126.332962 ,7.926829 ,-7.776830 ,3.719804 ,1.825610 ,1.350423 ,71.053932 ,1.825610 ,-295.339844
145 ,151 ,360 ,43 ,86 ,1000 ,846.691650 ,1019.165894 ,932.928772 ,0.000000 ,-154.406952 ,-6.890244 ,-7.722064 ,3.565397 ,1.818720 ,1.408439 ,71.985054 ,1.818720 ,-304.862305
146 ,154 ,360 ,37 ,86 ,1000 ,815.332703 ,1003.486389 ,909.409546 ,0.000000 ,-168.443954 ,-19.207317 ,-7.722064 ,3.396953 ,1.799512 ,1.462325 ,72.892860 ,1.799512 ,-318.643555
147 ,154 ,360 ,37 ,86 ,1000 ,831.012207 ,1019.165894 ,925.089050 ,0.000000 ,-168.443954 ,-35.121952 ,-7.722064 ,3.228509 ,1.764390 ,1.514424 ,73.816483 ,1.764390 ,-335.870117
148 ,154 ,358 ,32 ,88 ,1000 ,846.691650 ,1034.845337 ,940.768494 ,0.000000 ,-168.443954 ,-53.292683 ,-7.831664 ,3.060065 ,1.711098 ,1.564645 ,74.755913 ,1.711098 ,-354.915039
149 ,155 ,370 ,29 ,96 ,1000 ,862.371155 ,1019.165894 ,940.768494 ,0.000000 ,-140.369965 ,-73.841469 ,-7.831664 ,2.919695 ,1.637256 ,1.612564 ,75.695457 ,1.637256 ,-371.950195
150 ,155 ,370 ,29 ,96 ,1000 ,862.371155 ,1034.845337 ,948.608215 ,0.000000 ,-154.406952 ,-94.146347 ,-7.178082 ,2.765288 ,1.543110 ,1.658330 ,76.642960 ,1.543110 ,-387.214844
151 ,155 ,369 ,29 ,97 ,1000 ,831.012207 ,1019.165894 ,925.089050 ,0.000000 ,-168.443954 ,-113.170731 ,-7.178082 ,2.596844 ,1.429939 ,1.700244 ,77.567101 ,1.429939 ,-405.494141
152 ,155 ,369 ,29 ,97 ,1000 ,831.012207 ,1034.845337 ,932.928772 ,0.000000 ,-182.480957 ,-125.609756 ,-7.232180 ,2.414363 ,1.304329 ,1.739544 ,78.499199 ,1.304329 ,-416.069336
153 ,152 ,372 ,30 ,97 ,1000 ,862.371155 ,1034.845337 ,948.608215 ,0.000000 ,-154.406952 ,-142.012192 ,-7.070087 ,2.259957 ,1.162317 ,1.776951 ,79.447075 ,1.162317 ,-420.328125
154 ,152 ,372 ,30 ,97 ,1000 ,862.371155 ,1050.524780 ,956.447998 ,0.000000 ,-168.443954 ,-147.317078 ,-7.070087 ,2.091512 ,1.015000 ,1.811857 ,80.402885 ,1.015000 ,-419.418945
155 ,151 ,381 ,30 ,102 ,1000 ,846.691650 ,1019.165894 ,932.928772 ,0.000000 ,-154.406952 ,-154.268295 ,-6.587402 ,1.937106 ,0.860732 ,1.843393 ,81.335281 ,0.860732 ,-415.973633
156 ,151 ,384 ,29 ,103 ,1000 ,846.691650 ,1019.165894 ,932.928772 ,0.000000 ,-154.406952 ,-160.548782 ,-6.587402 ,1.782699 ,0.700183 ,1.872415 ,82.267754 ,0.700183 ,-397.120117
157 ,151 ,384 ,29 ,103 ,1000 ,846.691650 ,1034.845337 ,940.768494 ,0.000000 ,-168.443954 ,-163.109756 ,-6.427701 ,1.614255 ,0.537073 ,1.898917 ,83.208153 ,0.537073 ,-377.740234
158 ,148 ,387 ,28 ,104 ,1000 ,878.050598 ,1019.165894 ,948.608215 ,0.000000 ,-126.332962 ,-169.573181 ,-6.268596 ,1.487922 ,0.367500 ,1.923549 ,84.156441 ,0.367500 ,-375.347656
159 ,148 ,387 ,28 ,104 ,1000 ,862.371155 ,1019.165894 ,940.768494 ,0.000000 ,-140.369965 ,-175.487808 ,-6.268596 ,1.347552 ,0.192012 ,1.945673 ,85.096947 ,0.192012 ,-357.211914
160 ,147 ,404 ,28 ,119 ,1000 ,862.371155 ,1034.845337 ,948.608215 ,0.000000 ,-154.406952 ,-179.573181 ,-5.378204 ,1.193145 ,0.012439 ,1.965425 ,86.045349 ,0.012439 ,-349.603516
161 ,148 ,406 ,30 ,119 ,1000 ,846.691650 ,1019.165894 ,932.928772 ,0.000000 ,-154.406952 ,-181.890244 ,-5.378204 ,1.038738 ,-0.169451 ,1.982338 ,86.978127 ,-0.169451 ,-342.665039
162 ,148 ,406 ,30 ,119 ,1000 ,862.371155 ,987.806946 ,925.089050 ,0.000000 ,-112.295967 ,-177.865860 ,-5.274700 ,0.926442 ,-0.347317 ,1.997295 ,87.903091 ,-0.347317 ,-323.763672
163 ,144 ,409 ,29 ,118 ,1000 ,878.050598 ,1003.486389 ,940.768494 ,0.000000 ,-112.295967 ,-171.890244 ,-5.119933 ,0.814146 ,-0.519207 ,2.010663 ,88.843765 ,-0.519207 ,-317.160156
164 ,144 ,409 ,29 ,118 ,1000 ,878.050598 ,1003.486389 ,940.768494 ,0.000000 ,-112.295967 ,-167.987808 ,-5.119933 ,0.701850 ,-0.687195 ,2.022187 ,89.784470 ,-0.687195 ,-297.828125
165 ,143 ,419 ,28 ,123 ,1000 ,862.371155 ,1019.165894 ,940.768494 ,0.000000 ,-140.369965 ,-157.560974 ,-4.608280 ,0.561480 ,-0.844756 ,2.031406 ,90.725189 ,-0.844756 ,-271.844727
166 ,143 ,423 ,28 ,128 ,1000 ,862.371155 ,1019.165894 ,940.768494 ,0.000000 ,-140.369965 ,-149.512192 ,-4.608280 ,0.421110 ,-0.994268 ,2.038320 ,91.665932 ,-0.994268 ,-255.192383
167 ,143 ,423 ,28 ,128 ,1000 ,893.730103 ,987.806946 ,940.768494 ,0.000000 ,-84.221977 ,-142.987808 ,-4.405438 ,0.336888 ,-1.137256 ,2.043852 ,92.606682 ,-1.137256 ,-227.677734
168 ,141 ,424 ,29 ,129 ,1000 ,893.730103 ,956.447998 ,925.089050 ,0.000000 ,-56.147984 ,-140.487808 ,-4.354890 ,0.280740 ,-1.277744 ,2.048384 ,93.531761 ,-1.277744 ,-203.751953
169 ,141 ,424 ,29 ,129 ,1000 ,878.050598 ,987.806946 ,932.928772 ,0.000000 ,-98.258972 ,-139.695129 ,-4.354890 ,0.182481 ,-1.417439 ,2.051356 ,94.464691 ,-1.417439 ,-195.760742
170 ,142 ,441 ,28 ,142 ,1000 ,893.730103 ,1003.486389 ,948.608215 ,0.000000 ,-98.258972 ,-131.097565 ,-3.505443 ,0.084222 ,-1.548537 ,2.052750 ,95.413292 ,-1.548537 ,-170.303711
171 ,146 ,442 ,30 ,143 ,1000 ,893.730103 ,987.806946 ,940.768494 ,0.000000 ,-84.221977 ,-121.707321 ,-3.505443 ,-0.000000 ,-1.670244 ,2.052750 ,96.354065 ,-1.670244 ,-147.047852
172 ,146 ,442 ,30 ,143 ,1000 ,909.409546 ,956.447998 ,932.928772 ,0.000000 ,-42.110989 ,-114.268295 ,-3.456055 ,-0.042111 ,-1.784512 ,2.052064 ,97.286995 ,-1.784512 ,-119.293945
173 ,143 ,440 ,29 ,140 ,1000 ,909.409546 ,940.768494 ,925.089050 ,0.000000 ,-28.073992 ,-107.804878 ,-3.554896 ,-0.070185 ,-1.892317 ,2.050931 ,98.212082 ,-1.892317 ,-87.520508
174 ,143 ,440 ,29 ,140 ,1000 ,909.409546 ,972.127441 ,940.768494 ,0.000000 ,-56.147984 ,-100.182930 ,-3.554896 ,-0.126333 ,-1.992500 ,2.048857 ,99.152847 ,-1.992500 ,-66.083008
175 ,142 ,447 ,31 ,147 ,1000 ,909.409546 ,1003.486389 ,956.447998 ,0.000000 ,-84.221977 ,-93.902443 ,-3.210072 ,-0.210555 ,-2.086402 ,2.045342 ,100.109291 ,-2.086402 ,-36.271484
176 ,144 ,450 ,29 ,150 ,1000 ,925.089050 ,987.806946 ,956.447998 ,0.000000 ,-56.147984 ,-88.719513 ,-3.210072 ,-0.266703 ,-2.175122 ,2.040890 ,101.065727 ,-2.175122 ,-20.767578
177 ,144 ,450 ,29 ,150 ,1000 ,925.089050 ,956.447998 ,940.768494 ,0.000000 ,-28.073992 ,-86.036591 ,-3.063250 ,-0.294777 ,-2.261159 ,2.036050 ,102.006485 ,-2.261159 ,-13.589844
178 ,143 ,451 ,27 ,150 ,1000 ,956.447998 ,940.768494 ,948.608215 ,0.000000 ,14.036996 ,-82.256096 ,-3.063250 ,-0.280740 ,-2.343415 ,2.031402 ,102.955078 ,-2.343415 ,-0.143555
179 ,143 ,451 ,27 ,150 ,1000 ,925.089050 ,956.447998 ,940.768494 ,0.000000 ,-28.073992 ,-78.780487 ,-3.014437 ,-0.308814 ,-2.422195 ,2.026331 ,103.895836 ,-2.422195 ,10.766602
180 ,144 ,462 ,26 ,165 ,1000 ,925.089050 ,972.127441 ,948.608215 ,0.000000 ,-42.110989 ,-73.597565 ,-2.481693 ,-0.350925 ,-2.495793 ,2.020521 ,104.844421 ,-2.495793 ,27.323242
181 ,152 ,466 ,31 ,166 ,1000 ,940.768494 ,972.127441 ,956.447998 ,0.000000 ,-28.073992 ,-66.402443 ,-2.481693 ,-0.378999 ,-2.562195 ,2.014195 ,105.800850 ,-2.562195 ,54.311523
182 ,152 ,466 ,31 ,166 ,1000 ,956.447998 ,972.127441 ,964.287720 ,0.000000 ,-14.036996 ,-61.402439 ,-2.289872 ,-0.393036 ,-2.623598 ,2.007580 ,106.765114 ,-2.623598 ,84.075195
183 ,148 ,459 ,27 ,162 ,1000 ,972.127441 ,956.447998 ,964.287720 ,0.000000 ,14.036996 ,-57.378052 ,-2.289872 ,-0.378999 ,-2.680976 ,2.001201 ,107.729385 ,-2.680976 ,117.619141
184 ,148 ,459 ,27 ,162 ,1000 ,925.089050 ,940.768494 ,932.928772 ,0.000000 ,-14.036996 ,-49.634148 ,-2.626225 ,-0.393036 ,-2.730610 ,1.994802 ,108.662292 ,-2.730610 ,145.325195
185 ,150 ,464 ,27 ,163 ,1000 ,940.768494 ,956.447998 ,948.608215 ,0.000000 ,-14.036996 ,-41.463417 ,-2.385656 ,-0.407073 ,-2.772073 ,1.988062 ,109.610870 ,-2.772073 ,165.949219
186 ,153 ,469 ,27 ,167 ,1000 ,940.768494 ,956.447998 ,948.608215 ,0.000000 ,-14.036996 ,-33.231709 ,-2.385656 ,-0.421110 ,-2.805305 ,1.981090 ,110.559456 ,-2.805305 ,191.358398
187 ,153 ,469 ,27 ,167 ,1000 ,956.447998 ,940.768494 ,948.608215 ,0.000000 ,14.036996 ,-31.280489 ,-2.146670 ,-0.407073 ,-2.836586 ,1.974351 ,111.508041 ,-2.836586 ,205.043945
188 ,153 ,467 ,26 ,165 ,1000 ,940.768494 ,956.447998 ,948.608215 ,0.000000 ,-14.036996 ,-29.695122 ,-2.146670 ,-0.421110 ,-2.866281 ,1.967379 ,112.456627 ,-2.866281 ,201.981445
189 ,153 ,467 ,26 ,165 ,1000 ,972.127441 ,940.768494 ,956.447998 ,0.000000 ,28.073992 ,-26.341463 ,-2.242075 ,-0.393036 ,-2.892622 ,1.960818 ,113.413048 ,-2.892622 ,209.446289
190 ,156 ,477 ,24 ,175 ,1000 ,940.768494 ,940.768494 ,940.768494 ,0.000000 ,0.000000 ,-22.439024 ,-1.767572 ,-0.393036 ,-2.915061 ,1.954364 ,114.353798 ,-2.915061 ,220.308594
191 ,164 ,478 ,30 ,174 ,1000 ,925.089050 ,940.768494 ,932.928772 ,0.000000 ,-14.036996 ,-16.280489 ,-1.767572 ,-0.407073 ,-2.931342 ,1.947736 ,115.286697 ,-2.931342 ,232.750000
192 ,164 ,478 ,30 ,174 ,1000 ,940.768494 ,940.768494 ,940.768494 ,0.000000 ,0.000000 ,-10.243902 ,-1.720468 ,-0.407073 ,-2.941586 ,1.941052 ,116.227448 ,-2.941586 ,244.473633
193 ,161 ,471 ,26 ,169 ,1000 ,972.127441 ,940.768494 ,956.447998 ,0.000000 ,28.073992 ,-4.329268 ,-1.720468 ,-0.378999 ,-2.945915 ,1.934726 ,117.183876 ,-2.945915 ,249.880859
194 ,161 ,471 ,26 ,169 ,1000 ,956.447998 ,940.768494 ,948.608215 ,0.000000 ,14.036996 ,-1.768293 ,-2.051517 ,-0.364962 ,-2.947683 ,1.928683 ,118.132462 ,-2.947683 ,245.095703
195 ,163 ,473 ,26 ,172 ,992 ,956.447998 ,925.089050 ,940.768494 ,0.000000 ,28.073992 ,2.317073 ,-1.956617 ,-0.336888 ,-2.945366 ,1.923152 ,119.073212 ,-2.945366 ,251.747070
196 ,163 ,473 ,26 ,172 ,984 ,972.127441 ,940.768494 ,956.447998 ,0.000000 ,28.073992 ,4.329268 ,-1.956617 ,-0.308814 ,-2.941037 ,1.917997 ,120.029648 ,-2.941037 ,261.030273
197 ,168 ,477 ,26 ,181 ,976 ,956.447998 ,940.768494 ,948.608215 ,0.000000 ,14.036996 ,7.743903 ,-1.767572 ,-0.294777 ,-2.933293 ,1.913116 ,120.978241 ,-2.933293 ,265.049805
198 ,169 ,471 ,26 ,180 ,968 ,925.089050 ,925.089050 ,925.089050 ,0.000000 ,0.000000 ,10.670732 ,-1.767572 ,-0.294777 ,-2.922622 ,1.908357 ,121.903320 ,-2.922622 ,268.447266
199 ,169 ,471 ,26 ,180 ,960 ,940.768494 ,925.089050 ,932.928772 ,0.000000 ,14.036996 ,14.817074 ,-2.051517 ,-0.280740 ,-2.907805 ,1.903786 ,122.836235 ,-2.907805 ,271.653320
200 ,175 ,478 ,28 ,188 ,952 ,956.447998 ,925.089050 ,940.768494 ,0.000000 ,28.073992 ,20.731709 ,-1.720468 ,-0.252666 ,-2.887073 ,1.899637 ,123.777000 ,-2.887073 ,289.023438
201 ,175 ,478 ,28 ,188 ,944 ,909.409546 ,893.730103 ,901.569824 ,0.000000 ,14.036996 ,27.073172 ,-1.720468 ,-0.238629 ,-2.860000 ,1.895882 ,124.678558 ,-2.860000 ,288.305664
202 ,180 ,475 ,29 ,189 ,936 ,893.730103 ,893.730103 ,893.730103 ,0.000000 ,0.000000 ,32.378048 ,-1.861969 ,-0.238629 ,-2.827622 ,1.892160 ,125.572281 ,-2.827622 ,281.223633
203 ,180 ,476 ,28 ,191 ,928 ,909.409546 ,893.730103 ,901.569824 ,0.000000 ,14.036996 ,36.280487 ,-1.861969 ,-0.224592 ,-2.791342 ,1.888626 ,126.473846 ,-2.791342 ,279.022461
204 ,180 ,476 ,28 ,191 ,920 ,909.409546 ,893.730103 ,901.569824 ,0.000000 ,14.036996 ,36.524391 ,-1.814739 ,-0.210555 ,-2.754817 ,1.885313 ,127.375412 ,-2.754817 ,271.749023
205 ,187 ,472 ,29 ,194 ,912 ,893.730103 ,878.050598 ,885.890320 ,0.000000 ,14.036996 ,39.695122 ,-1.814739 ,-0.196518 ,-2.715122 ,1.882274 ,128.261292 ,-2.715122 ,268.925781
206 ,187 ,472 ,29 ,194 ,904 ,878.050598 ,846.691650 ,862.371155 ,0.000000 ,28.073992 ,40.060978 ,-2.004036 ,-0.168444 ,-2.675061 ,1.879739 ,129.123657 ,-2.675061 ,266.724609
207 ,188 ,473 ,28 ,194 ,896 ,878.050598 ,846.691650 ,862.371155 ,0.000000 ,28.073992 ,43.963417 ,-1.956617 ,-0.140370 ,-2.631098 ,1.877626 ,129.986023 ,-2.631098 ,269.356445
208 ,188 ,473 ,28 ,194 ,888 ,878.050598 ,878.050598 ,878.050598 ,0.000000 ,0.000000 ,49.512196 ,-1.956617 ,-0.140370 ,-2.581585 ,1.875475 ,130.864075 ,-2.581585 ,274.811523
209 ,195 ,473 ,29 ,198 ,880 ,878.050598 ,846.691650 ,862.371155 ,0.000000 ,28.073992 ,48.353661 ,-1.956617 ,-0.112296 ,-2.533232 ,1.873785 ,131.726440 ,-2.533232 ,267.442383
210 ,199 ,473 ,32 ,202 ,872 ,878.050598 ,862.371155 ,870.210876 ,0.000000 ,14.036996 ,45.000000 ,-1.956617 ,-0.098259 ,-2.488232 ,1.872292 ,132.596664 ,-2.488232 ,264.379883
211 ,199 ,473 ,32 ,202 ,864 ,862.371155 ,846.691650 ,854.531372 ,0.000000 ,14.036996 ,41.646343 ,-1.956617 ,-0.084222 ,-2.446585 ,1.871036 ,133.451187 ,-2.446585 ,257.154297
212 ,205 ,472 ,32 ,203 ,856 ,815.332703 ,815.332703 ,815.332703 ,0.000000 ,0.000000 ,37.804878 ,-2.004036 ,-0.084222 ,-2.408781 ,1.869838 ,134.266525 ,-2.408781 ,241.171875
213 ,207 ,472 ,31 ,208 ,848 ,862.371155 ,815.332703 ,838.851929 ,0.000000 ,42.110989 ,36.097561 ,-2.004036 ,-0.042111 ,-2.372683 ,1.869221 ,135.105377 ,-2.372683 ,242.272461
214 ,207 ,472 ,31 ,208 ,840 ,846.691650 ,831.012207 ,838.851929 ,0.000000 ,14.036996 ,33.353661 ,-2.004036 ,-0.028074 ,-2.339329 ,1.868810 ,135.944229 ,-2.339329 ,243.851562
215 ,212 ,471 ,33 ,210 ,832 ,846.691650 ,831.012207 ,838.851929 ,0.000000 ,14.036996 ,34.451221 ,-2.004036 ,-0.014037 ,-2.304878 ,1.868605 ,136.783081 ,-2.304878 ,239.832031
216 ,212 ,471 ,33 ,210 ,824 ,815.332703 ,799.653198 ,807.492981 ,0.000000 ,14.036996 ,31.829269 ,-2.051517 ,-0.000000 ,-2.273049 ,1.868605 ,137.590561 ,-2.273049 ,236.099609
217 ,218 ,471 ,30 ,211 ,816 ,815.332703 ,783.973755 ,799.653198 ,0.000000 ,28.073992 ,31.402439 ,-2.051517 ,0.028074 ,-2.241647 ,1.868997 ,138.390228 ,-2.241647 ,238.635742
218 ,222 ,474 ,32 ,216 ,808 ,831.012207 ,815.332703 ,823.172424 ,0.000000 ,14.036996 ,27.195122 ,-2.051517 ,0.042111 ,-2.214451 ,1.869602 ,139.213394 ,-2.214451 ,233.084961
219 ,222 ,474 ,32 ,216 ,800 ,799.653198 ,799.653198 ,799.653198 ,0.000000 ,0.000000 ,26.402439 ,-1.909261 ,0.042111 ,-2.188049 ,1.870189 ,140.013046 ,-2.188049 ,232.127930
220 ,227 ,478 ,36 ,222 ,792 ,799.653198 ,783.973755 ,791.813477 ,0.000000 ,14.036996 ,24.390244 ,-1.909261 ,0.056148 ,-2.163659 ,1.870965 ,140.804855 ,-2.163659 ,235.621094
221 ,227 ,478 ,36 ,222 ,784 ,799.653198 ,783.973755 ,791.813477 ,0.000000 ,14.036996 ,19.207317 ,-1.720468 ,0.070185 ,-2.144451 ,1.871935 ,141.596680 ,-2.144451 ,230.405273
222 ,232 ,480 ,36 ,224 ,776 ,783.973755 ,768.294250 ,776.134033 ,0.000000 ,14.036996 ,13.780488 ,-1.626448 ,0.084222 ,-2.130671 ,1.873076 ,142.372803 ,-2.130671 ,228.443359
223 ,235 ,484 ,35 ,227 ,768 ,783.973755 ,752.614807 ,768.294250 ,0.000000 ,28.073992 ,9.146341 ,-1.626448 ,0.112296 ,-2.121525 ,1.874582 ,143.141098 ,-2.121525 ,233.898438
224 ,235 ,484 ,35 ,227 ,760 ,783.973755 ,768.294250 ,776.134033 ,0.000000 ,14.036996 ,8.353659 ,-1.439161 ,0.126333 ,-2.113171 ,1.876293 ,143.917236 ,-2.113171 ,241.650391
225 ,238 ,488 ,35 ,232 ,752 ,768.294250 ,752.614807 ,760.454529 ,0.000000 ,14.036996 ,7.743903 ,-1.439161 ,0.140370 ,-2.105427 ,1.878156 ,144.677689 ,-2.105427 ,220.069336
226 ,238 ,488 ,35 ,232 ,744 ,752.614807 ,721.255859 ,736.935303 ,0.000000 ,28.073992 ,7.500000 ,-1.252874 ,0.168444 ,-2.097927 ,1.880323 ,145.414612 ,-2.097927 ,201.263672
227 ,244 ,490 ,35 ,233 ,736 ,736.935303 ,721.255859 ,729.095581 ,0.000000 ,14.036996 ,5.975610 ,-1.160106 ,0.182481 ,-2.091951 ,1.882645 ,146.143707 ,-2.091951 ,187.625977
228 ,244 ,490 ,35 ,233 ,728 ,752.614807 ,721.255859 ,736.935303 ,0.000000 ,28.073992 ,4.756098 ,-1.160106 ,0.210555 ,-2.087195 ,1.885353 ,146.880630 ,-2.087195 ,179.395508
229 ,248 ,495 ,35 ,240 ,720 ,736.935303 ,721.255859 ,729.095581 ,0.000000 ,14.036996 ,5.487805 ,-0.929276 ,0.224592 ,-2.081707 ,1.888211 ,147.609726 ,-2.081707 ,189.827148
230 ,250 ,498 ,37 ,244 ,712 ,721.255859 ,689.896912 ,705.576355 ,0.000000 ,28.073992 ,5.365854 ,-0.929276 ,0.252666 ,-2.076342 ,1.891322 ,148.315292 ,-2.076342 ,192.937500
231 ,250 ,498 ,37 ,244 ,704 ,705.576355 ,689.896912 ,697.736633 ,0.000000 ,14.036996 ,6.585366 ,-0.791524 ,0.266703 ,-2.069756 ,1.894570 ,149.013031 ,-2.069756 ,195.282227
232 ,257 ,500 ,40 ,246 ,696 ,705.576355 ,689.896912 ,697.736633 ,0.000000 ,14.036996 ,5.792683 ,-0.700000 ,0.280740 ,-2.063963 ,1.897989 ,149.710754 ,-2.063963 ,191.166992
233 ,257 ,500 ,40 ,246 ,688 ,721.255859 ,674.217407 ,697.736633 ,0.000000 ,42.110989 ,6.951220 ,-0.700000 ,0.322851 ,-2.057012 ,1.901921 ,150.408478 ,-2.057012 ,196.526367
234 ,260 ,497 ,37 ,250 ,680 ,705.576355 ,658.537964 ,682.057190 ,0.000000 ,42.110989 ,8.475610 ,-0.837379 ,0.364962 ,-2.048537 ,1.906265 ,151.090530 ,-2.048537 ,214.614258
235 ,264 ,496 ,40 ,257 ,672 ,689.896912 ,658.537964 ,674.217407 ,0.000000 ,28.073992 ,10.121951 ,-0.837379 ,0.393036 ,-2.038415 ,1.910890 ,151.764725 ,-2.038415 ,216.001953
236 ,264 ,496 ,40 ,257 ,664 ,674.217407 ,658.537964 ,666.377686 ,0.000000 ,14.036996 ,14.878049 ,-0.883296 ,0.407073 ,-2.023537 ,1.915624 ,152.431091 ,-2.023537 ,212.460938
237 ,271 ,488 ,38 ,258 ,656 ,674.217407 ,658.537964 ,666.377686 ,0.000000 ,14.036996 ,16.524391 ,-0.883296 ,0.421110 ,-2.007012 ,1.920522 ,153.097443 ,-2.007012 ,203.656250
238 ,271 ,488 ,38 ,258 ,648 ,674.217407 ,627.179016 ,650.698242 ,0.000000 ,42.110989 ,18.963415 ,-1.252874 ,0.463221 ,-1.988049 ,1.925783 ,153.748123 ,-1.988049 ,200.019531
239 ,273 ,481 ,40 ,262 ,640 ,658.537964 ,627.179016 ,642.858459 ,0.000000 ,28.073992 ,20.792683 ,-1.579532 ,0.491295 ,-1.967256 ,1.931295 ,154.390961 ,-1.967256 ,196.382812
240 ,287 ,483 ,42 ,274 ,632 ,642.858459 ,642.858459 ,642.858459 ,0.000000 ,0.000000 ,22.500000 ,-1.579532 ,0.491295 ,-1.944756 ,1.936807 ,155.033798 ,-1.944756 ,180.543945
241 ,287 ,483 ,42 ,274 ,624 ,627.179016 ,642.858459 ,635.018738 ,0.000000 ,-14.036996 ,26.951220 ,-1.485888 ,0.477258 ,-1.917805 ,1.942097 ,155.668793 ,-1.917805 ,183.510742
242 ,285 ,471 ,42 ,271 ,616 ,627.179016 ,611.499512 ,619.339294 ,0.000000 ,14.036996 ,25.426830 ,-1.485888 ,0.491295 ,-1.892378 ,1.947407 ,156.288101 ,-1.892378 ,178.629883
243 ,285 ,471 ,42 ,271 ,608 ,642.858459 ,611.499512 ,627.179016 ,0.000000 ,28.073992 ,21.707317 ,-2.051517 ,0.519369 ,-1.870671 ,1.953093 ,156.915253 ,-1.870671 ,171.595703
244 ,291 ,469 ,41 ,273 ,600 ,627.179016 ,611.499512 ,619.339294 ,0.000000 ,14.036996 ,18.597561 ,-2.146670 ,0.533406 ,-1.852073 ,1.958858 ,157.534576 ,-1.852073 ,179.299805
245 ,291 ,469 ,41 ,273 ,592 ,595.820068 ,611.499512 ,603.659790 ,0.000000 ,-14.036996 ,12.987805 ,-2.146670 ,0.519369 ,-1.839085 ,1.964330 ,158.138214 ,-1.839085 ,174.610352
246 ,296 ,471 ,41 ,284 ,584 ,611.499512 ,611.499512 ,611.499512 ,0.000000 ,0.000000 ,12.012196 ,-2.051517 ,0.519369 ,-1.827073 ,1.969873 ,158.749680 ,-1.827073 ,175.041016
247 ,299 ,466 ,40 ,283 ,576 ,595.820068 ,595.820068 ,595.820068 ,0.000000 ,0.000000 ,8.414635 ,-2.051517 ,0.519369 ,-1.818659 ,1.975274 ,159.345474 ,-1.818659 ,177.720703
248 ,299 ,466 ,40 ,283 ,568 ,611.499512 ,564.461121 ,587.980286 ,0.000000 ,42.110989 ,4.390244 ,-2.289872 ,0.561480 ,-1.814268 ,1.981036 ,159.933426 ,-1.814268 ,178.390625
249 ,304 ,464 ,40 ,285 ,560 ,580.140564 ,580.140564 ,580.140564 ,0.000000 ,0.000000 ,2.378049 ,-2.385656 ,0.561480 ,-1.811890 ,1.986721 ,160.513535 ,-1.811890 ,177.625000
250 ,304 ,464 ,40 ,285 ,552 ,548.781616 ,595.820068 ,572.300842 ,0.000000 ,-42.110989 ,-1.097561 ,-2.385656 ,0.519369 ,-1.812988 ,1.991909 ,161.085815 ,-1.812988 ,161.690430
251 ,319 ,474 ,49 ,299 ,544 ,548.781616 ,564.461121 ,556.621338 ,0.000000 ,-14.036996 ,-3.231707 ,-1.909261 ,0.505332 ,-1.816220 ,1.996818 ,161.642426 ,-1.816220 ,152.598633
252 ,313 ,470 ,43 ,299 ,536 ,548.781616 ,533.102173 ,540.941895 ,0.000000 ,14.036996 ,-5.304878 ,-1.909261 ,0.519369 ,-1.821525 ,2.001721 ,162.183334 ,-1.821525 ,147.669922
253 ,313 ,470 ,43 ,299 ,528 ,548.781616 ,517.422668 ,533.102173 ,0.000000 ,28.073992 ,-9.146341 ,-2.099062 ,0.547443 ,-1.830671 ,2.006815 ,162.716415 ,-1.830671 ,133.505859
254 ,317 ,467 ,42 ,300 ,520 ,533.102173 ,564.461121 ,548.781616 ,0.000000 ,-28.073992 ,-8.658537 ,-2.099062 ,0.519369 ,-1.839329 ,2.011789 ,163.265182 ,-1.839329 ,135.898438
255 ,317 ,467 ,42 ,300 ,512 ,517.422668 ,548.781616 ,533.102173 ,0.000000 ,-28.073992 ,-7.682927 ,-2.242075 ,0.491295 ,-1.847012 ,2.016361 ,163.798264 ,-1.847012 ,134.032227
256 ,323 ,469 ,42 ,305 ,504 ,501.743195 ,501.743195 ,501.743195 ,0.000000 ,0.000000 ,-4.512195 ,-2.146670 ,0.491295 ,-1.851524 ,2.020663 ,164.299988 ,-1.851524 ,124.701172
257 ,326 ,471 ,43 ,313 ,496 ,501.743195 ,501.743195 ,501.743195 ,0.000000 ,0.000000 ,-4.451220 ,-2.146670 ,0.491295 ,-1.855976 ,2.024965 ,164.801712 ,-1.855976 ,120.729492
258 ,326 ,471 ,43 ,313 ,488 ,486.063721 ,501.743195 ,493.903473 ,0.000000 ,-14.036996 ,-5.548780 ,-2.051517 ,0.477258 ,-1.861524 ,2.029079 ,165.295593 ,-1.861524 ,122.069336
259 ,327 ,469 ,43 ,314 ,480 ,517.422668 ,517.422668 ,517.422668 ,0.000000 ,0.000000 ,-4.634146 ,-2.051517 ,0.477258 ,-1.866159 ,2.033389 ,165.813004 ,-1.866159 ,132.548828
260 ,327 ,469 ,43 ,314 ,472 ,486.063721 ,501.743195 ,493.903473 ,0.000000 ,-14.036996 ,-2.073171 ,-2.146670 ,0.463221 ,-1.868232 ,2.037382 ,166.306885 ,-1.868232 ,135.659180
261 ,331 ,474 ,46 ,324 ,464 ,470.384247 ,470.384247 ,470.384247 ,0.000000 ,0.000000 ,-0.000000 ,-1.909261 ,0.463221 ,-1.868232 ,2.041185 ,166.777252 ,-1.868232 ,134.223633
262 ,331 ,474 ,46 ,324 ,456 ,470.384247 ,470.384247 ,470.384247 ,0.000000 ,0.000000 ,1.585366 ,-1.909261 ,0.463221 ,-1.866646 ,2.044988 ,167.247620 ,-1.866646 ,134.606445
263 ,337 ,471 ,46 ,325 ,448 ,470.384247 ,486.063721 ,478.223999 ,0.000000 ,-14.036996 ,3.231707 ,-2.051517 ,0.449184 ,-1.863415 ,2.048737 ,167.725830 ,-1.863415 ,122.930664
264 ,342 ,471 ,45 ,332 ,440 ,486.063721 ,470.384247 ,478.223999 ,0.000000 ,14.036996 ,2.804878 ,-2.051517 ,0.463221 ,-1.860610 ,2.052603 ,168.204041 ,-1.860610 ,103.790039
265 ,342 ,471 ,45 ,332 ,432 ,454.704773 ,454.704773 ,454.704773 ,0.000000 ,0.000000 ,3.231707 ,-2.051517 ,0.463221 ,-1.857378 ,2.056279 ,168.658737 ,-1.857378 ,94.363281
266 ,347 ,469 ,47 ,335 ,424 ,439.025299 ,439.025299 ,439.025299 ,0.000000 ,0.000000 ,6.158537 ,-2.051517 ,0.463221 ,-1.851220 ,2.059829 ,169.097748 ,-1.851220 ,97.042969
267 ,347 ,469 ,47 ,335 ,416 ,439.025299 ,439.025299 ,439.025299 ,0.000000 ,0.000000 ,7.500000 ,-2.146670 ,0.463221 ,-1.843720 ,2.063378 ,169.536758 ,-1.843720 ,107.761719
268 ,350 ,469 ,47 ,335 ,408 ,454.704773 ,439.025299 ,446.865051 ,0.000000 ,14.036996 ,4.695122 ,-2.146670 ,0.477258 ,-1.839024 ,2.067100 ,169.983597 ,-1.839024 ,119.102539
269 ,355 ,472 ,46 ,343 ,400 ,423.345825 ,423.345825 ,423.345825 ,0.000000 ,0.000000 ,2.439024 ,-2.146670 ,0.477258 ,-1.836585 ,2.070626 ,170.406937 ,-1.836585 ,124.270508
270 ,355 ,472 ,46 ,343 ,392 ,423.345825 ,423.345825 ,423.345825 ,0.000000 ,0.000000 ,2.195122 ,-2.004036 ,0.477258 ,-1.834390 ,2.074153 ,170.830261 ,-1.834390 ,118.767578
271 ,353 ,468 ,45 ,343 ,384 ,391.986877 ,407.666351 ,399.826599 ,0.000000 ,-14.036996 ,4.024390 ,-2.004036 ,0.463221 ,-1.830366 ,2.077385 ,171.230072 ,-1.830366 ,113.599609
272 ,353 ,468 ,45 ,343 ,376 ,391.986877 ,407.666351 ,399.826599 ,0.000000 ,-14.036996 ,2.378049 ,-2.194341 ,0.449184 ,-1.827988 ,2.080520 ,171.629898 ,-1.827988 ,115.370117
273 ,363 ,469 ,48 ,347 ,368 ,391.986877 ,391.986877 ,391.986877 ,0.000000 ,0.000000 ,-1.219512 ,-2.146670 ,0.449184 ,-1.829207 ,2.083593 ,172.021866 ,-1.829207 ,114.460938
274 ,363 ,469 ,48 ,347 ,360 ,376.307404 ,376.307404 ,376.307404 ,0.000000 ,0.000000 ,-1.890244 ,-2.146670 ,0.449184 ,-1.831098 ,2.086543 ,172.398163 ,-1.831098 ,108.192383
275 ,367 ,471 ,48 ,353 ,352 ,376.307404 ,376.307404 ,376.307404 ,0.000000 ,0.000000 ,-0.243902 ,-2.051517 ,0.449184 ,-1.831342 ,2.089493 ,172.774460 ,-1.831342 ,103.455078
276 ,372 ,471 ,51 ,355 ,344 ,360.627930 ,376.307404 ,368.467651 ,0.000000 ,-14.036996 ,-0.609756 ,-2.051517 ,0.435147 ,-1.831951 ,2.092291 ,173.142914 ,-1.831951 ,104.172852
277 ,372 ,471 ,51 ,355 ,336 ,360.627930 ,360.627930 ,360.627930 ,0.000000 ,0.000000 ,-3.109756 ,-2.051517 ,0.435147 ,-1.835061 ,2.095030 ,173.503540 ,-1.835061 ,105.129883
278 ,373 ,469 ,50 ,358 ,328 ,344.948456 ,344.948456 ,344.948456 ,0.000000 ,0.000000 ,-6.951220 ,-2.146670 ,0.435147 ,-1.842012 ,2.097650 ,173.848480 ,-1.842012 ,97.808594
279 ,373 ,469 ,50 ,358 ,320 ,344.948456 ,344.948456 ,344.948456 ,0.000000 ,0.000000 ,-9.146341 ,-2.146670 ,0.435147 ,-1.851159 ,2.100270 ,174.193405 ,-1.851159 ,89.578125
280 ,376 ,475 ,50 ,367 ,312 ,344.948456 ,344.948456 ,344.948456 ,0.000000 ,0.000000 ,-7.195122 ,-1.861969 ,0.435147 ,-1.858354 ,2.102890 ,174.538345 ,-1.858354 ,89.051758
281 ,388 ,478 ,52 ,376 ,304 ,329.268982 ,344.948456 ,337.108704 ,0.000000 ,-14.036996 ,-6.707317 ,-1.861969 ,0.421110 ,-1.865061 ,2.105367 ,174.875443 ,-1.865061 ,91.492188
282 ,388 ,478 ,52 ,376 ,296 ,329.268982 ,313.589508 ,321.429230 ,0.000000 ,14.036996 ,-7.743903 ,-1.720468 ,0.435147 ,-1.872805 ,2.107808 ,175.196869 ,-1.872805 ,96.516602
283 ,384 ,470 ,51 ,373 ,288 ,313.589508 ,297.910034 ,305.749756 ,0.000000 ,14.036996 ,-10.060976 ,-1.720468 ,0.449184 ,-1.882866 ,2.110205 ,175.502609 ,-1.882866 ,96.229492
284 ,384 ,470 ,51 ,373 ,280 ,313.589508 ,297.910034 ,305.749756 ,0.000000 ,14.036996 ,-10.975610 ,-2.099062 ,0.463221 ,-1.893842 ,2.112677 ,175.808350 ,-1.893842 ,90.583008
285 ,385 ,472 ,51 ,374 ,272 ,313.589508 ,313.589508 ,313.589508 ,0.000000 ,0.000000 ,-8.902439 ,-2.004036 ,0.463221 ,-1.902744 ,2.115212 ,176.121933 ,-1.902744 ,91.444336
286 ,389 ,475 ,51 ,383 ,264 ,282.230560 ,313.589508 ,297.910034 ,0.000000 ,-28.073992 ,-6.158537 ,-2.004036 ,0.435147 ,-1.908903 ,2.117475 ,176.419830 ,-1.908903 ,91.109375
287 ,389 ,475 ,51 ,383 ,256 ,282.230560 ,297.910034 ,290.070282 ,0.000000 ,-14.036996 ,-3.536585 ,-1.861969 ,0.421110 ,-1.912439 ,2.119607 ,176.709900 ,-1.912439 ,86.802734
288 ,390 ,470 ,52 ,382 ,248 ,282.230560 ,250.871597 ,266.551086 ,0.000000 ,28.073992 ,-2.195122 ,-1.861969 ,0.449184 ,-1.914634 ,2.121697 ,176.976440 ,-1.914634 ,86.372070
289 ,390 ,470 ,52 ,382 ,240 ,282.230560 ,250.871597 ,266.551086 ,0.000000 ,28.073992 ,-2.012195 ,-2.099062 ,0.477258 ,-1.916646 ,2.123917 ,177.242981 ,-1.916646 ,87.903320
290 ,394 ,482 ,51 ,393 ,232 ,266.551086 ,282.230560 ,274.390808 ,0.000000 ,-14.036996 ,-1.707317 ,-1.532679 ,0.463221 ,-1.918354 ,2.126135 ,177.517365 ,-1.918354 ,87.185547
291 ,394 ,482 ,51 ,393 ,224 ,250.871597 ,282.230560 ,266.551086 ,0.000000 ,-28.073992 ,0.182927 ,-1.532679 ,0.435147 ,-1.918171 ,2.128160 ,177.783905 ,-1.918171 ,87.376953
292 ,400 ,479 ,58 ,395 ,216 ,235.192123 ,235.192123 ,235.192123 ,0.000000 ,0.000000 ,2.134146 ,-1.673427 ,0.435147 ,-1.916037 ,2.129946 ,178.019089 ,-1.916037 ,89.338867
293 ,401 ,473 ,55 ,391 ,208 ,250.871597 ,203.833176 ,227.352386 ,0.000000 ,42.110989 ,2.743902 ,-1.673427 ,0.477258 ,-1.913293 ,2.131840 ,178.246429 ,-1.913293 ,89.003906
294 ,401 ,473 ,55 ,391 ,200 ,235.192123 ,235.192123 ,235.192123 ,0.000000 ,0.000000 ,2.073171 ,-1.956617 ,0.477258 ,-1.911220 ,2.133799 ,178.481613 ,-1.911220 ,86.037109
295 ,402 ,474 ,53 ,392 ,192 ,235.192123 ,235.192123 ,235.192123 ,0.000000 ,0.000000 ,2.987805 ,-1.956617 ,0.477258 ,-1.908232 ,2.135758 ,178.716797 ,-1.908232 ,81.204102
296 ,402 ,474 ,53 ,392 ,184 ,203.833176 ,219.512650 ,211.672913 ,0.000000 ,-14.036996 ,5.243903 ,-1.909261 ,0.463221 ,-1.902988 ,2.137469 ,178.928467 ,-1.902988 ,82.352539
297 ,405 ,472 ,56 ,397 ,176 ,188.153702 ,203.833176 ,195.993439 ,0.000000 ,-14.036996 ,6.158537 ,-2.004036 ,0.449184 ,-1.896829 ,2.139006 ,179.124451 ,-1.896829 ,85.702148
298 ,409 ,474 ,54 ,397 ,168 ,219.512650 ,188.153702 ,203.833176 ,0.000000 ,28.073992 ,5.365854 ,-2.004036 ,0.477258 ,-1.891464 ,2.140703 ,179.328278 ,-1.891464 ,84.792969
299 ,409 ,474 ,54 ,397 ,160 ,203.833176 ,172.474228 ,188.153702 ,0.000000 ,28.073992 ,3.658537 ,-1.909261 ,0.505332 ,-1.887805 ,2.142363 ,179.516434 ,-1.887805 ,78.955078
300 ,414 ,474 ,55 ,401 ,152 ,156.794754 ,203.833176 ,180.313965 ,0.000000 ,-42.110989 ,3.170732 ,-1.909261 ,0.463221 ,-1.884634 ,2.143821 ,179.696732 ,-1.884634 ,74.600586
301 ,414 ,474 ,55 ,401 ,144 ,172.474228 ,203.833176 ,188.153702 ,0.000000 ,-28.073992 ,3.719512 ,-1.909261 ,0.435147 ,-1.880915 ,2.145250 ,179.884888 ,-1.880915 ,74.600586
302 ,416 ,474 ,59 ,404 ,136 ,188.153702 ,172.474228 ,180.313965 ,0.000000 ,14.036996 ,1.402439 ,-1.909261 ,0.449184 ,-1.879512 ,2.146663 ,180.065186 ,-1.879512 ,71.346680
303 ,416 ,474 ,59 ,404 ,128 ,188.153702 ,141.115280 ,164.634491 ,0.000000 ,42.110989 ,-1.463415 ,-1.909261 ,0.491295 ,-1.880976 ,2.148075 ,180.229813 ,-1.880976 ,67.662109
304 ,414 ,474 ,53 ,404 ,120 ,188.153702 ,172.474228 ,180.313965 ,0.000000 ,14.036996 ,-1.890244 ,-1.909261 ,0.505332 ,-1.882866 ,2.149665 ,180.410126 ,-1.882866 ,66.083008
305 ,418 ,471 ,55 ,408 ,112 ,172.474228 ,172.474228 ,172.474228 ,0.000000 ,0.000000 ,1.890244 ,-1.909261 ,0.505332 ,-1.880976 ,2.151186 ,180.582596 ,-1.880976 ,65.891602
306 ,418 ,471 ,55 ,408 ,104 ,156.794754 ,188.153702 ,172.474228 ,0.000000 ,-28.073992 ,5.853659 ,-2.051517 ,0.477258 ,-1.875122 ,2.152623 ,180.755066 ,-1.875122 ,67.087891
307 ,420 ,472 ,55 ,408 ,96 ,141.115280 ,156.794754 ,148.955017 ,0.000000 ,-14.036996 ,6.219512 ,-2.004036 ,0.463221 ,-1.868903 ,2.153827 ,180.904007 ,-1.868903 ,68.523438
308 ,420 ,472 ,55 ,408 ,88 ,156.794754 ,172.474228 ,164.634491 ,0.000000 ,-14.036996 ,3.414634 ,-2.004036 ,0.449184 ,-1.865488 ,2.155118 ,181.068649 ,-1.865488 ,65.939453
309 ,421 ,473 ,54 ,411 ,80 ,109.756325 ,125.435799 ,117.596062 ,0.000000 ,-14.036996 ,0.487805 ,-1.956617 ,0.435147 ,-1.865000 ,2.156011 ,181.186234 ,-1.865000 ,59.096680
310 ,424 ,479 ,56 ,416 ,72 ,156.794754 ,141.115280 ,148.955017 ,0.000000 ,14.036996 ,-0.304878 ,-1.956617 ,0.449184 ,-1.865305 ,2.157179 ,181.335190 ,-1.865305 ,56.082031
311 ,424 ,479 ,56 ,416 ,64 ,141.115280 ,125.435799 ,133.275543 ,0.000000 ,14.036996 ,-2.012195 ,-1.673427 ,0.463221 ,-1.867317 ,2.158256 ,181.468460 ,-1.867317 ,56.656250
312 ,424 ,473 ,54 ,414 ,56 ,141.115280 ,125.435799 ,133.275543 ,0.000000 ,14.036996 ,-3.780488 ,-1.673427 ,0.477258 ,-1.871098 ,2.159366 ,181.601730 ,-1.871098 ,56.751953
313 ,424 ,473 ,54 ,414 ,48 ,109.756325 ,109.756325 ,109.756325 ,0.000000 ,0.000000 ,-4.939024 ,-1.956617 ,0.477258 ,-1.876037 ,2.160281 ,181.711487 ,-1.876037 ,55.747070
314 ,425 ,472 ,56 ,412 ,40 ,109.756325 ,109.756325 ,109.756325 ,0.000000 ,0.000000 ,-4.634146 ,-2.004036 ,0.477258 ,-1.880671 ,2.161195 ,181.821228 ,-1.880671 ,53.545898
315 ,425 ,472 ,56 ,412 ,32 ,78.397377 ,78.397377 ,78.397377 ,0.000000 ,0.000000 ,-2.073171 ,-2.004036 ,0.477258 ,-1.882744 ,2.161848 ,181.899628 ,-1.882744 ,53.593750
316 ,426 ,476 ,56 ,419 ,24 ,94.076851 ,94.076851 ,94.076851 ,0.000000 ,0.000000 ,-0.426829 ,-1.814739 ,0.477258 ,-1.883171 ,2.162632 ,181.993698 ,-1.883171 ,52.253906
317 ,427 ,471 ,56 ,417 ,16 ,94.076851 ,94.076851 ,94.076851 ,0.000000 ,0.000000 ,1.280488 ,-1.814739 ,0.477258 ,-1.881890 ,2.163415 ,182.087769 ,-1.881890 ,51.249023
318 ,427 ,471 ,56 ,417 ,8 ,78.397377 ,94.076851 ,86.237114 ,0.000000 ,-14.036996 ,2.012195 ,-2.051517 ,0.463221 ,-1.879878 ,2.164112 ,182.174011 ,-1.879878 ,51.392578
319 ,428 ,470 ,55 ,415 ,0 ,62.717899 ,62.717899 ,62.717899 ,0.000000 ,0.000000 ,1.646341 ,-2.099062 ,0.463221 ,-1.878232 ,2.164619 ,182.236725 ,-1.878232 ,50.579102
320 ,428 ,470 ,55 ,415 ,0 ,78.397377 ,78.397377 ,78.397377 ,0.000000 ,0.000000 ,1.585366 ,-2.099062 ,0.463221 ,-1.876646 ,2.165253 ,182.315125 ,-1.876646 ,49.334961
321 ,439 ,480 ,62 ,425 ,0 ,47.038425 ,47.038425 ,47.038425 ,0.000000 ,0.000000 ,1.768293 ,-1.626448 ,0.463221 ,-1.874878 ,2.165633 ,182.362152 ,-1.874878 ,46.942383
322 ,431 ,475 ,58 ,419 ,0 ,62.717899 ,62.717899 ,62.717899 ,0.000000 ,0.000000 ,3.292683 ,-1.626448 ,0.463221 ,-1.871585 ,2.166141 ,182.424866 ,-1.871585 ,46.559570
323 ,431 ,475 ,58 ,419 ,0 ,62.717899 ,62.717899 ,62.717899 ,0.000000 ,0.000000 ,4.451220 ,-1.861969 ,0.463221 ,-1.867134 ,2.166648 ,182.487595 ,-1.867134 ,47.947266
324 ,429 ,473 ,53 ,415 ,0 ,62.717899 ,62.717899 ,62.717899 ,0.000000 ,0.000000 ,3.658537 ,-1.861969 ,0.463221 ,-1.863476 ,2.167155 ,182.550308 ,-1.863476 ,48.425781
325 ,429 ,473 ,53 ,415 ,0 ,47.038425 ,47.038425 ,47.038425 ,0.000000 ,0.000000 ,2.439024 ,-1.956617 ,0.463221 ,-1.861037 ,2.167535 ,182.597336 ,-1.861037 ,48.473633
326 ,432 ,472 ,56 ,419 ,0 ,47.038425 ,47.038425 ,47.038425 ,0.000000 ,0.000000 ,1.646341 ,-2.004036 ,0.463221 ,-1.859390 ,2.167915 ,182.644379 ,-1.859390 ,49.430664
327 ,433 ,474 ,59 ,421 ,0 ,31.358950 ,31.358950 ,31.358950 ,0.000000 ,0.000000 ,2.195122 ,-2.004036 ,0.463221 ,-1.857195 ,2.168169 ,182.675735 ,-1.857195 ,50.770508
328 ,433 ,474 ,59 ,421 ,0 ,62.717899 ,47.038425 ,54.878162 ,0.000000 ,14.036996 ,2.378049 ,-1.909261 ,0.477258 ,-1.854817 ,2.168626 ,182.730606 ,-1.854817 ,51.583984
329 ,431 ,471 ,55 ,418 ,0 ,47.038425 ,31.358950 ,39.198689 ,0.000000 ,14.036996 ,1.951220 ,-1.909261 ,0.491295 ,-1.852866 ,2.168962 ,182.769806 ,-1.852866 ,52.014648
330 ,431 ,471 ,55 ,418 ,0 ,31.358950 ,47.038425 ,39.198689 ,0.000000 ,-14.036996 ,1.585366 ,-2.051517 ,0.477258 ,-1.851281 ,2.169288 ,182.809006 ,-1.851281 ,51.679688
331 ,443 ,476 ,63 ,425 ,0 ,31.358950 ,47.038425 ,39.198689 ,0.000000 ,-14.036996 ,1.280488 ,-1.814739 ,0.463221 ,-1.850000 ,2.169605 ,182.848206 ,-1.850000 ,50.674805
332 ,434 ,476 ,57 ,423 ,0 ,15.679475 ,15.679475 ,15.679475 ,0.000000 ,0.000000 ,1.402439 ,-1.814739 ,0.463221 ,-1.848598 ,2.169732 ,182.863876 ,-1.848598 ,49.669922
333 ,434 ,476 ,57 ,423 ,0 ,15.679475 ,15.679475 ,15.679475 ,0.000000 ,0.000000 ,0.731707 ,-1.814739 ,0.463221 ,-1.847866 ,2.169859 ,182.879562 ,-1.847866 ,48.569336
334 ,433 ,472 ,56 ,419 ,0 ,15.679475 ,0.000000 ,7.839737 ,0.000000 ,14.036996 ,-0.121951 ,-1.814739 ,0.477258 ,-1.847988 ,2.169924 ,182.887405 ,-1.847988 ,47.995117
335 ,433 ,472 ,56 ,419 ,0 ,0.000000 ,15.679475 ,7.839737 ,0.000000 ,-14.036996 ,-0.365854 ,-2.004036 ,0.463221 ,-1.848354 ,2.169988 ,182.895233 ,-1.848354 ,46.846680
336 ,434 ,474 ,56 ,420 ,0 ,31.358950 ,0.000000 ,15.679475 ,0.000000 ,28.073992 ,0.304878 ,-1.909261 ,0.491295 ,-1.848049 ,2.170122 ,182.910919 ,-1.848049 ,45.746094
337 ,435 ,476 ,57 ,422 ,0 ,15.679475 ,15.679475 ,15.679475 ,0.000000 ,0.000000 ,1.097561 ,-1.909261 ,0.491295 ,-1.846951 ,2.170256 ,182.926605 ,-1.846951 ,45.698242
338 ,435 ,476 ,57 ,422 ,0 ,15.679475 ,0.000000 ,7.839737 ,0.000000 ,14.036996 ,1.951220 ,-1.814739 ,0.505332 ,-1.845000 ,2.170326 ,182.934433 ,-1.845000 ,45.554688
339 ,431 ,471 ,55 ,419 ,0 ,15.679475 ,0.000000 ,7.839737 ,0.000000 ,14.036996 ,2.865854 ,-1.814739 ,0.519369 ,-1.842134 ,2.170397 ,182.942276 ,-1.842134 ,44.836914
340 ,431 ,471 ,55 ,419 ,0 ,15.679475 ,15.679475 ,15.679475 ,0.000000 ,0.000000 ,4.207317 ,-2.051517 ,0.519369 ,-1.837927 ,2.170539 ,182.957962 ,-1.837927 ,44.789062
341 ,444 ,478 ,64 ,424 ,0 ,-15.679475 ,0.000000 ,-7.839737 ,0.000000 ,-14.036996 ,5.914634 ,-1.720468 ,0.505332 ,-1.832012 ,2.170470 ,182.950119 ,-1.832012 ,44.884766
342 ,433 ,474 ,57 ,423 ,0 ,0.000000 ,15.679475 ,7.839737 ,0.000000 ,-14.036996 ,6.280488 ,-1.720468 ,0.491295 ,-1.825732 ,2.170537 ,182.957962 ,-1.825732 ,42.683594
343 ,433 ,474 ,57 ,423 ,0 ,31.358950 ,0.000000 ,15.679475 ,0.000000 ,28.073992 ,5.426829 ,-1.909261 ,0.519369 ,-1.820305 ,2.170679 ,182.973633 ,-1.820305 ,37.754883
344 ,433 ,472 ,55 ,419 ,0 ,0.000000 ,0.000000 ,0.000000 ,0.000000 ,0.000000 ,4.085366 ,-1.909261 ,0.519369 ,-1.816220 ,2.170679 ,182.973633 ,-1.816220 ,32.778320
345 ,435 ,472 ,55 ,420 ,0 ,-15.679475 ,0.000000 ,-7.839737 ,0.000000 ,-14.036996 ,3.780488 ,0.000000 ,0.505332 ,-1.812439 ,2.170610 ,182.965790 ,-1.812439 ,30.194336
346 ,435 ,472 ,55 ,420 ,0 ,-15.679475 ,15.679475 ,0.000000 ,0.000000 ,-28.073992 ,3.170732 ,0.000000 ,0.477258 ,-1.809268 ,2.170610 ,182.965790 ,-1.809268 ,29.524414
347 ,436 ,472 ,56 ,419 ,0 ,0.000000 ,0.000000 ,0.000000 ,0.000000 ,0.000000 ,3.719512 ,0.000000 ,0.477258 ,-1.805549 ,2.170610 ,182.965790 ,-1.805549 ,29.715820
348 ,437 ,473 ,58 ,420 ,0 ,0.000000 ,0.000000 ,0.000000 ,0.000000 ,0.000000 ,2.987805 ,0.000000 ,0.477258 ,-1.802561 ,2.170610 ,182.965790 ,-1.802561 ,29.045898
349 ,433 ,474 ,56 ,420 ,0 ,0.000000 ,0.000000 ,0.000000 ,0.000000 ,0.000000 ,1.341463 ,0.000000 ,0.477258 ,-1.801220 ,2.170610 ,182.965790 ,-1.801220 ,27.658203
350 ,435 ,471 ,57 ,420 ,0 ,15.679475 ,0.000000 ,7.839737 ,0.000000 ,14.036996 ,0.914634 ,0.000000 ,0.491295 ,-1.800305 ,2.170677 ,182.973633 ,-1.800305 ,27.801758
351 ,440 ,475 ,60 ,422 ,0 ,15.679475 ,-15.679475 ,0.000000 ,0.000000 ,28.073992 ,0.731707 ,0.000000 ,0.519369 ,-1.799573 ,2.170677 ,182.973633 ,-1.799573 ,27.083984
352 ,440 ,475 ,60 ,422 ,0 ,15.679475 ,0.000000 ,7.839737 ,0.000000 ,14.036996 ,1.158537 ,0.000000 ,0.533406 ,-1.798415 ,2.170750 ,182.981476 ,-1.798415 ,25.887695
353 ,435 ,472 ,56 ,420 ,0 ,15.679475 ,0.000000 ,7.839737 ,0.000000 ,14.036996 ,0.792683 ,0.000000 ,0.547443 ,-1.797622 ,2.170825 ,182.989319 ,-1.797622 ,24.691406
354 ,434 ,473 ,56 ,421 ,0 ,31.358950 ,0.000000 ,15.679475 ,0.000000 ,28.073992 ,0.243902 ,0.000000 ,0.575517 ,-1.797378 ,2.170982 ,183.004990 ,-1.797378 ,22.873047

